1	0.5332
10	2.1726
100	0.0026
1000	0.0468
1001	0.0468
1002	0.0277
1003	0.02
1004	0.0344
1005	0.02
1006	0.0304
1007	0.03
1008	0.0277
1009	0.0277
101	0.0026
1010	0.0239
1011	0.0239
1012	0.0362
1013	0.0359
1014	0.0359
1015	0.0385
1016	0.038
1017	0.038
1018	0.028
1019	0.0285
102	0.2017
1020	1.0553
1021	4.435
1022	0.0169
1023	0.0046
1024	0.0215
1025	0.0699
1026	0.0699
1027	0.0858
1028	0.0095
1029	0.0156
103	0.0026
1030	0.0198
1031	0.0734
1032	0.0238
1033	0.0198
1034	1.666
1035	0.0725
1036	0.073
1037	0.0725
1038	0.0895
1039	1.0333
104	0.0026
1040	1.0333
1041	1.0333
1042	1.0333
1043	1.0333
1044	1.0333
1045	1.0333
1046	1.0333
1047	1.0333
1048	1.0333
1049	1.0333
105	0.0026
1050	1.0333
1051	1.0333
1052	1.0333
1053	1.0333
1054	1.0333
1055	1.0333
1056	1.0333
1057	1.0333
1058	1.0333
1059	1.0333
106	4.1043
1060	1.0333
1061	1.0333
1062	1.0333
1063	1.0333
1064	1.0333
1065	1.0333
1066	0.0178
1067	0.0178
1068	0.0178
1069	0.0178
107	1.9254
1070	0.0178
1071	0.0178
1072	0.0178
1073	0.0178
1074	0.0178
1075	0.0178
1076	0.0178
1077	0.0178
1078	0.0178
1079	0.0178
108	1.0899
1080	0.0178
1081	0.0178
1082	0.0178
1083	0.0178
1084	0.0178
1085	0.0178
1086	0.0178
1087	0.0178
1088	0.0178
1089	0.0178
109	0.847
1090	0.0178
1091	0.0178
1092	0.0178
1093	0.0178
1094	0.0178
1095	0.0178
1096	0.0178
1097	0.0071
1098	0.0075
1099	0.0075
11	0.0265
110	0.847
1100	0.4542
1101	0.6111
1102	0.3048
1103	0.3048
1104	0.3048
1105	0.3048
1106	0.3048
1107	0.3048
1108	0.3048
1109	0.3048
111	2.3727
1110	0.3048
1111	0.3048
1112	0.3048
1113	0.3048
1114	0.3048
1115	0.3048
1116	0.3048
1117	0.3048
1118	0.3048
1119	0.3048
112	2.6793
1120	0.3048
1121	0.3048
1122	0.3048
1123	0.3048
1124	0.3048
1125	0.3048
1126	0.3048
1127	0.3048
1128	0.3048
1129	0.3048
113	1.3365
1130	0.3048
1131	0.3048
1132	0.3048
1133	0.3048
1134	0.3048
1135	0.3048
1136	0.3048
1137	0.3048
1138	0.3048
1139	0.3048
114	0.8676
1140	0.3048
1141	0.3048
1142	0.3048
1143	0.3048
1144	0.3048
1145	0.3048
1146	0.3048
1147	0.3048
1148	0.3048
1149	0.3048
115	1.4982
1150	0.3048
1151	0.3048
1152	0.3048
1153	0.3048
1154	0.3048
1155	0.3048
1156	0.3048
1157	0.3048
1158	0.3048
1159	0.0021
116	1.9272
1160	0.0126
1161	0.0202
1162	0.0107
1163	0.0106
1164	0.0126
1165	0.0143
1166	0.0126
1167	0.0126
1168	0.0021
1169	0.0021
117	1.0145
1170	0.0022
1171	0.0022
1172	0.0022
1173	0.0022
1174	0.0022
1175	0.0022
1176	0.0022
1177	0.0127
1178	0.0822
1179	0.0244
118	1.8073
1180	0.0244
1181	0.0087
1182	0.0087
1183	0.0087
1184	0.0087
1185	0.0087
1186	0.0087
1187	0.0124
1188	0.0128
1189	0.0128
119	4.9202
1190	0.0124
1191	0.1384
1192	0.1384
1193	0.0291
1194	0.0439
1195	0.0332
1196	0.0161
1197	0.0161
1198	0.0205
1199	0.297
12	0.9078
120	1.9107
1200	0.0415
1201	0.0415
1202	0.05
1203	0.0415
1204	0.0415
1205	0.0415
1206	0.0415
1207	0.0147
1208	0.0192
1209	0.018
121	1.7669
1210	0.0139
1211	0.0133
1212	0.0133
1213	0.211
1214	0.0114
1215	0.5247
1216	0.8042
1217	0.5247
1218	0.5247
1219	0.0082
122	1.9107
1220	0.0082
1221	0.0104
1222	0.0104
1223	0.0104
1224	0.0104
1225	0.0073
1226	0.0073
1227	0.0112
1228	0.0112
1229	0.0112
123	3.4647
1230	0.0112
1231	0.0112
1232	0.0112
1233	0.0112
1234	0.0022
1235	0.0022
1236	0.0022
1237	0.0022
1238	0.0022
1239	0.0022
124	2.7449
1240	0.0022
1241	0.0022
1242	0.0022
1243	0.0022
1244	0.0022
1245	0.0022
1246	0.0022
1247	0.0022
1248	0.0022
1249	0.0022
125	2.7579
1250	0.0022
1251	0.0022
1252	0.0049
1253	0.0022
1254	0.0049
1255	0.0022
1256	0.0022
1257	0.0022
1258	0.0022
1259	0.0022
126	2.7838
1260	0.0022
1261	0.0022
1262	0.0022
1263	0.0022
1264	0.0022
1265	0.0055
1266	0.0022
1267	0.0022
1268	0.0022
1269	0.0141
127	0.8284
1270	0.0141
1271	0.0141
1272	0.0141
1273	0.0141
1274	0.0141
1275	0.0141
1276	0.0141
1277	0.0141
1278	0.0141
1279	0.0122
128	0.8284
1280	0.0122
1281	0.0122
1282	0.0122
1283	0.0122
1284	0.0041
1285	0.0051
1286	0.0051
1287	0.0094
1288	0.0182
1289	0.0182
129	0.7883
1290	0.0182
1291	0.0207
1292	0.0117
1293	0.0806
1294	0.0806
1295	0.0264
1296	0.0264
1297	0.0031
1298	0.0031
1299	0.0031
13	0.0294
130	0.7554
1300	0.0095
1301	0.0043
1302	0.0043
1303	0.0043
1304	0.0043
1305	0.0088
1306	0.0088
1307	0.0088
1308	0.005
1309	0.0159
131	0.652
1310	0.0057
1311	0.0037
1312	0.0062
1313	0.0094
1314	0.0094
1315	0.0094
1316	0.0094
1317	0.0094
1318	0.0094
1319	0.0094
132	10.5522
1320	0.0094
1321	0.0094
1322	0.0094
1323	0.0094
1324	0.0049
1325	0.0049
1326	0.0049
1327	0.0049
1328	0.0049
1329	0.0049
133	0.4064
1330	0.0049
1331	0.0049
1332	0.0049
1333	0.0049
1334	0.0049
1335	0.0049
1336	0.0049
1337	0.0049
1338	0.0049
1339	0.0049
134	0.3768
1340	0.0047
1341	0.0044
1342	0.872
1343	0.872
1344	0.0049
1345	0.0202
1346	0.0039
1347	0.0039
1348	0.0039
1349	0.0039
135	0.4379
1350	0.0039
1351	0.0039
1352	0.0039
1353	0.0039
1354	0.0039
1355	0.0039
1356	0.0039
1357	0.0039
1358	0.0039
1359	0.0039
136	0.4645
1360	0.0039
1361	0.0039
1362	0.0544
1363	0.058
1364	0.058
1365	0.0069
1366	0.0048
1367	0.0058
1368	0.0058
1369	0.0058
137	0.4949
1370	7.1627
1371	0.9112
1372	0.2732
1373	0.3527
1374	0.596
1375	0.2437
1376	0.1402
1377	0.1402
1378	0.0535
1379	9.2027
138	0.7574
1380	0.0477
1381	0.0661
1382	0.0318
1383	0.0318
1384	0.0318
1385	0.0318
1386	0.0318
1387	0.0318
1388	0.0318
1389	0.0318
139	0.1666
1390	0.0126
1391	0.0215
1392	0.0051
1393	0.0051
1394	0.0051
1395	0.0051
1396	0.0134
1397	0.0134
1398	0.1117
1399	0.0134
14	1.1394
140	0.2031
1400	0.0134
1401	0.0134
1402	0.0034
1403	0.0091
1404	0.0086
1405	0.0086
1406	0.0033
1407	0.0033
1408	0.1468
1409	0.2568
141	0.162
1410	0.2568
1411	0.2568
1412	0.2568
1413	0.2568
1414	0.2568
1415	0.2568
1416	0.3232
1417	0.4386
1418	0.2568
1419	0.4322
142	0.6333
1420	0.4322
1421	0.2568
1422	0.1074
1423	0.1074
1424	0.1287
1425	0.2189
1426	0.1186
1427	0.2147
1428	0.1287
1429	0.1287
143	0.7335
1430	0.1117
1431	0.1074
1432	0.1074
1433	0.1033
1434	0.1033
1435	0.1033
1436	0.1033
1437	0.1033
1438	0.0136
1439	0.0136
144	0.2432
1440	0.006
1441	0.0988
1442	0.0109
1443	1.4041
1444	0.0143
1445	0.0057
1446	0.0074
1447	0.0074
1448	0.0074
1449	0.0074
145	1.251
1450	0.0074
1451	0.0074
1452	0.0074
1453	0.0074
1454	0.0074
1455	0.0074
1456	0.0074
1457	0.0148
1458	0.0082
1459	0.0161
146	0.162
1460	0.0139
1461	0.1188
1462	0.118
1463	0.1188
1464	0.118
1465	0.118
1466	0.1188
1467	2.5933
1468	0.0082
1469	0.0591
147	0.162
1470	0.0591
1471	0.0591
1472	0.0633
1473	0.1084
1474	0.1084
1475	0.1084
1476	0.1084
1477	0.1084
1478	0.1084
1479	0.1084
148	1.0666
1480	0.1084
1481	0.1084
1482	0.1084
1483	0.0283
1484	0.0283
1485	0.0283
1486	0.0283
1487	0.29
1488	0.1619
1489	0.29
149	0.2074
1490	0.1619
1491	0.1257
1492	0.1257
1493	0.1281
1494	0.1611
1495	0.0322
1496	0.0322
1497	0.0322
1498	0.0322
1499	0.1281
15	0.0665
150	0.2913
1500	0.0322
1501	0.0322
1502	0.1677
1503	0.1677
1504	0.0322
1505	0.1281
1506	0.1603
1507	1.0244
1508	0.0969
1509	0.0708
151	0.3148
1510	0.0708
1511	0.0708
1512	0.0708
1513	0.0708
1514	0.0708
1515	0.0708
1516	0.0708
1517	0.0246
1518	0.0956
1519	0.1315
152	0.1454
1520	0.023
1521	0.023
1522	0.023
1523	0.023
1524	0.023
1525	0.023
1526	0.023
1527	0.055
1528	0.055
1529	0.0426
153	0.3044
1530	0.0332
1531	0.0268
1532	0.023
1533	0.1946
1534	0.0026
1535	0.0043
1536	0.0043
1537	0.0126
1538	0.7843
1539	1.573
154	0.0066
1540	1.7845
1541	1.649
1542	0.7843
1543	0.0123
1544	0.0028
1545	0.0039
1546	0.0039
1547	0.0039
1548	0.0039
1549	0.0039
155	0.92
1550	0.0039
1551	0.0197
1552	0.0256
1553	0.0369
1554	0.0369
1555	0.0369
1556	0.0369
1557	0.0369
1558	0.0369
1559	0.0369
156	0.3386
1560	0.0369
1561	0.0057
1562	0.0057
1563	0.0057
1564	0.0251
1565	0.0064
1566	0.0031
1567	0.0031
1568	0.0031
1569	0.0031
157	0.9529
1570	0.0031
1571	0.0031
1572	0.0031
1573	0.0031
1574	0.0031
1575	0.0031
1576	0.0031
1577	0.0031
1578	0.0031
1579	0.0031
158	1.2254
1580	0.0031
1581	0.0031
1582	0.0031
1583	0.0031
1584	0.0031
1585	0.0031
1586	0.0031
1587	0.0031
1588	0.0031
1589	0.0119
159	0.9529
1590	0.0029
1591	0.0029
1592	0.0044
1593	0.0044
1594	0.0044
1595	0.0044
1596	0.0044
1597	0.0044
1598	0.0044
1599	0.0044
16	5.5435
160	1.0831
1600	0.0044
1601	0.0044
1602	0.0276
1603	0.0276
1604	0.0276
1605	0.0276
1606	0.0276
1607	0.0255
1608	0.1405
1609	0.1405
161	0.9923
1610	0.1405
1611	0.1405
1612	0.1405
1613	0.1405
1614	0.0267
1615	0.0267
1616	0.0267
1617	0.0267
1618	0.0267
1619	0.002
162	0.9529
1620	0.1622
1621	0.1231
1622	0.1231
1623	0.1231
1624	0.1231
1625	0.1231
1626	0.0138
1627	0.0138
1628	0.0138
1629	0.0138
163	0.92
1630	0.0138
1631	0.0138
1632	0.0138
1633	0.0138
1634	0.0293
1635	0.0138
1636	0.0138
1637	0.0138
1638	0.0138
1639	0.0099
164	0.6094
1640	0.0213
1641	0.0213
1642	0.0191
1643	0.0189
1644	0.0213
1645	0.0244
1646	0.0213
1647	0.0213
1648	0.0099
1649	0.0099
165	0.92
1650	0.0131
1651	0.0131
1652	0.0131
1653	0.0131
1654	0.0131
1655	0.0131
1656	0.0131
1657	0.0172
1658	0.0172
1659	0.0172
166	0.9893
1660	0.0172
1661	0.0172
1662	0.0172
1663	0.0172
1664	0.0172
1665	0.6002
1666	0.9068
1667	0.6002
1668	0.6002
1669	0.0202
167	0.92
1670	0.0202
1671	0.1203
1672	0.0202
1673	0.0202
1674	0.0202
1675	0.0202
1676	0.0202
1677	0.0202
1678	5.3751
1679	0.046
168	0.6631
1680	0.0404
1681	0.0067
1682	0.0067
1683	0.0502
1684	0.0067
1685	0.0067
1686	0.0067
1687	0.0044
1688	0.0352
1689	0.0044
169	0.6631
1690	0.0044
1691	0.0044
1692	0.0044
1693	0.0044
1694	0.0044
1695	0.0044
1696	0.0055
1697	0.0055
1698	0.0055
1699	0.0055
17	0.0524
170	0.6631
1700	0.0049
1701	0.0049
1702	0.0049
1703	0.0049
1704	0.0049
1705	0.0049
1706	0.0197
1707	0.0055
1708	0.0055
1709	0.0055
171	0.6651
1710	0.0055
1711	0.0055
1712	0.0055
1713	0.0055
1714	0.0055
1715	0.0055
1716	0.0055
1717	0.0055
1718	0.0055
1719	0.0055
172	0.6631
1720	0.0055
1721	0.0055
1722	0.0055
1723	0.0085
1724	0.0085
1725	0.0085
1726	0.0085
1727	0.0085
1728	0.0085
1729	0.0085
173	0.644
1730	0.0085
1731	0.0085
1732	0.0085
1733	0.0085
1734	0.0085
1735	0.0085
1736	0.0085
1737	0.0055
1738	0.0055
1739	0.0055
174	0.9875
1740	0.0055
1741	0.0085
1742	0.0085
1743	0.0085
1744	0.0085
1745	0.0085
1746	0.0085
1747	0.0085
1748	0.0085
1749	0.0085
175	1.2069
1750	0.0129
1751	0.0129
1752	0.0129
1753	0.0129
1754	0.0129
1755	0.0129
1756	0.0129
1757	0.0129
1758	0.0129
1759	0.0129
176	1.3013
1760	0.0664
1761	0.0843
1762	0.0843
1763	0.0843
1764	0.2022
1765	0.2022
1766	0.0104
1767	0.0104
1768	0.0104
1769	0.0104
177	1.0366
1770	0.0104
1771	0.0104
1772	0.0087
1773	0.0087
1774	0.0087
1775	0.0087
1776	0.0087
1777	0.0087
1778	0.0087
1779	0.0087
178	0.2222
1780	0.0087
1781	0.0087
1782	0.0083
1783	0.0083
1784	0.0083
1785	0.0083
1786	0.0083
1787	0.0083
1788	0.0083
1789	0.0204
179	0.5063
1790	0.0204
1791	0.0099
1792	0.0099
1793	0.0099
1794	0.0099
1795	0.0099
1796	0.0099
1797	0.0099
1798	0.0109
1799	0.0109
18	1.1958
180	0.4287
1800	0.0109
1801	0.0109
1802	0.0109
1803	0.0109
1804	0.0109
1805	0.0109
1806	0.0109
1807	0.0109
1808	0.0109
1809	0.0109
181	0.4315
1810	0.0109
1811	0.0109
1812	0.0109
1813	0.0109
1814	0.0109
1815	0.014
1816	0.014
1817	0.0131
1818	0.1702
1819	0.9421
182	0.2546
1820	0.0474
1821	0.0842
1822	0.0474
1823	0.3583
1824	0.3583
1825	0.3583
1826	0.3583
1827	0.3583
1828	0.3583
1829	0.3583
183	0.427
1830	0.4367
1831	0.5732
1832	0.3583
1833	0.5657
1834	0.5657
1835	0.3583
1836	0.3408
1837	0.1824
1838	0.4912
1839	0.4846
184	0.4449
1840	0.4846
1841	0.4163
1842	0.3845
1843	0.3845
1844	0.3845
1845	0.3845
1846	0.3845
1847	0.3845
1848	0.3845
1849	0.1329
185	0.4267
1850	0.1329
1851	0.1678
1852	0.1329
1853	0.1011
1854	0.0025
1855	0.0202
1856	0.0202
1857	0.0202
1858	0.0202
1859	0.0202
186	0.4312
1860	0.0776
1861	0.0222
1862	0.0222
1863	0.0283
1864	0.0209
1865	0.0209
1866	0.0215
1867	0.0126
1868	0.0126
1869	0.0232
187	0.4327
1870	0.1152
1871	1.6065
1872	4.446
1873	4.7674
1874	1.2306
1875	5.9914
1876	4.2247
1877	5.9914
1878	6.0414
1879	0.2147
188	0.4267
1880	0.2147
1881	0.2147
1882	0.2147
1883	5.285
1884	0.4528
1885	0.4528
1886	0.4528
1887	0.4528
1888	0.4528
1889	0.4528
189	0.5298
1890	0.4528
1891	0.4528
1892	0.4528
1893	0.4528
1894	0.4528
1895	0.4528
1896	0.0015
1897	0.0015
1898	0.0015
1899	0.0015
19	2.6587
190	0.02
1900	0.0015
1901	0.0015
1902	0.0015
1903	0.0015
1904	0.0015
1905	0.0015
1906	0.0015
1907	0.0015
1908	0.0015
1909	0.0015
191	0.0428
1910	0.0015
1911	0.0015
1912	0.0015
1913	0.0015
1914	0.0015
1915	0.0015
1916	0.0015
1917	0.0015
1918	0.0015
1919	0.0015
192	0.6693
1920	0.0015
1921	0.0015
1922	0.0015
1923	0.0015
1924	0.0015
1925	0.0015
1926	0.0015
1927	0.0015
1928	0.0015
1929	0.0015
193	4.3505
1930	0.0015
1931	0.0015
1932	0.0015
1933	0.0015
1934	0.0015
1935	0.0015
1936	0.0015
1937	0.0015
1938	0.0015
1939	0.0015
194	1.199
1940	0.0015
1941	0.0015
1942	0.0015
1943	0.0015
1944	0.0015
1945	0.0015
1946	0.0015
1947	0.0015
1948	0.0015
1949	0.0015
195	1.8635
1950	0.0015
1951	0.0015
1952	0.0015
1953	0.0015
1954	0.0015
1955	0.0015
1956	0.0015
1957	0.0015
1958	0.0015
1959	0.0015
196	1.647
1960	0.0015
1961	0.0015
1962	0.0015
1963	0.0015
1964	0.0015
1965	0.0015
1966	0.0015
1967	0.0015
1968	0.0015
1969	0.0015
197	1.1285
1970	0.0015
1971	0.0015
1972	0.0015
1973	0.0015
1974	0.0015
1975	0.0015
1976	0.0015
1977	0.0015
1978	0.0015
1979	0.0015
198	1.4563
1980	0.0015
1981	0.0015
1982	0.0015
1983	0.0015
1984	0.0015
1985	0.0015
1986	0.0015
1987	0.0015
1988	0.0015
1989	0.0015
199	1.642
1990	0.0015
1991	0.0015
1992	0.0015
1993	0.0015
1994	0.0015
1995	1.0041
1996	0.0015
1997	0.0015
1998	0.0015
1999	0.0015
2	53.9148
20	4.1744
200	2.7819
2000	0.0015
2001	0.0015
2002	0.0015
2003	0.0015
2004	0.0015
2005	0.0015
2006	0.0015
2007	0.0015
2008	0.0015
2009	0.0015
201	2.8308
2010	0.0015
2011	0.0015
2012	0.0015
2013	0.0015
2014	0.0015
2015	0.0015
2016	0.0015
2017	0.0015
2018	0.0015
2019	0.0015
202	2.8963
2020	0.0015
2021	0.0015
2022	0.0015
2023	0.0015
2024	0.0015
2025	0.0015
2026	0.0015
2027	0.0015
2028	0.0015
2029	0.0015
203	0.9974
2030	0.0015
2031	0.0015
2032	0.0015
2033	0.0015
2034	0.0015
2035	0.0015
2036	0.0015
2037	0.0015
2038	0.0015
2039	0.0015
204	1.2665
2040	0.0015
2041	0.0015
2042	0.0015
2043	0.0015
2044	0.0015
2045	0.0015
2046	0.0015
2047	0.0015
2048	0.0015
2049	0.0015
205	1.2424
2050	0.0015
2051	0.0015
2052	0.0015
2053	0.0015
2054	0.0015
2055	0.0015
2056	0.0015
2057	0.0015
2058	0.0015
2059	0.0015
206	0.952
2060	0.0015
2061	0.0015
2062	0.0015
2063	0.0015
2064	0.0015
2065	0.0015
2066	0.0015
2067	0.0015
2068	0.0015
2069	0.0015
207	0.3264
2070	0.0015
2071	0.0015
2072	0.0015
2073	0.0015
2074	0.0015
2075	0.0015
2076	0.0015
2077	0.0015
2078	0.0015
2079	0.0015
208	0.3398
2080	0.3412
2081	0.2111
2082	0.3412
2083	0.2111
2084	0.1734
2085	0.2154
2086	0.0428
2087	0.0428
2088	0.0428
2089	0.0428
209	0.8051
2090	0.1734
2091	0.0428
2092	0.0428
2093	0.1943
2094	0.1943
2095	0.0428
2096	0.1734
2097	0.173
2098	0.689
2099	0.1316
21	2.5445
210	0.6837
2100	5.3719
2101	0.0412
2102	0.0326
2103	0.3324
2104	0.0132
2105	0.0205
2106	0.0205
2107	0.0094
2108	0.0094
2109	0.0094
211	0.3523
2110	0.0094
2111	0.0094
2112	0.0094
2113	0.0094
2114	0.0094
2115	0.0154
2116	0.0094
2117	0.0094
2118	0.0094
2119	0.0094
212	4.1633
2120	0.0094
2121	0.0094
2122	0.0094
2123	0.0094
2124	0.0094
2125	0.1184
2126	0.1184
2127	0.2541
2128	0.7457
2129	0.2541
213	3.171
2130	0.2541
2131	0.2541
2132	0.0811
2133	0.0811
2134	0.0811
2135	0.0811
2136	0.0811
2137	0.2252
2138	0.2252
2139	0.264
214	3.3878
2140	0.2252
2141	0.2252
2142	0.2252
2143	0.2252
2144	1.0287
2145	1.2308
2146	0.9993
2147	0.9993
2148	1.0287
2149	0.0044
215	3.3428
2150	0.0044
2151	0.0044
2152	0.0044
2153	0.0044
2154	0.0044
2155	0.0044
2156	0.0044
2157	0.0044
2158	0.0044
2159	0.0114
216	3.1603
2160	0.0114
2161	0.0114
2162	0.0114
2163	0.0114
2164	0.0114
2165	0.0114
2166	0.0114
2167	0.0049
2168	0.0049
2169	0.0049
217	4.3095
2170	0.0049
2171	0.2691
2172	4.0856
2173	0.0049
2174	0.0049
2175	0.0049
2176	0.0049
2177	0.0049
2178	0.0049
2179	0.0049
218	1.9801
2180	0.0041
2181	0.0041
2182	0.0041
2183	0.0041
2184	0.0041
2185	0.0041
2186	0.0041
2187	0.0041
2188	0.0041
2189	0.0041
219	0.4419
2190	0.0041
2191	0.0041
2192	0.0041
2193	1.0549
2194	1.0331
2195	1.0331
2196	1.0549
2197	1.0549
2198	0.9882
2199	0.3892
22	0.0265
220	0.4636
2200	0.3892
2201	0.3892
2202	0.3892
2203	0.3892
2204	0.3892
2205	0.3892
2206	0.3892
2207	0.3892
2208	0.3892
2209	0.1914
221	0.447
2210	0.005
2211	0.0159
2212	0.0377
2213	0.0132
2214	0.0083
2215	0.0116
2216	0.005
2217	0.005
2218	0.0056
2219	0.0138
222	0.447
2220	0.0056
2221	0.0111
2222	0.022
2223	0.0056
2224	0.0056
2225	0.0091
2226	0.0091
2227	0.0091
2228	0.0091
2229	0.0173
223	0.0146
2230	0.0118
2231	0.0064
2232	0.0064
2233	0.0064
2234	0.0064
2235	0.0118
2236	0.0282
2237	0.0118
2238	0.0173
2239	0.0173
224	2.6099
2240	0.0173
2241	0.0118
2242	0.0118
2243	0.0118
2244	0.0173
2245	0.0173
2246	0.0091
2247	0.0091
2248	0.0091
2249	0.0124
225	0.2219
2250	0.0042
2251	0.0042
2252	0.0042
2253	0.0042
2254	0.0042
2255	0.0042
2256	0.0042
2257	0.0042
2258	0.0255
2259	0.0091
226	0.2522
2260	0.0118
2261	0.0173
2262	0.0118
2263	0.0173
2264	0.0075
2265	0.0075
2266	0.0075
2267	0.013
2268	0.0255
2269	0.0064
227	0.2102
2270	0.0075
2271	0.0075
2272	0.0075
2273	0.0075
2274	0.0075
2275	0.0173
2276	0.0173
2277	0.0173
2278	0.0173
2279	0.0118
228	0.2219
2280	0.0118
2281	0.0173
2282	0.0282
2283	0.0391
2284	0.0118
2285	0.0075
2286	0.0075
2287	0.0075
2288	0.0075
2289	0.0075
229	0.3726
2290	0.0336
2291	0.0091
2292	0.0091
2293	0.0091
2294	0.0173
2295	0.0173
2296	0.0173
2297	0.0173
2298	0.005
2299	0.005
23	0.1876
230	0.2219
2300	0.005
2301	0.005
2302	0.005
2303	0.005
2304	0.005
2305	0.005
2306	0.0105
2307	0.0105
2308	0.0105
2309	0.0105
231	0.4503
2310	0.0025
2311	0.0025
2312	0.0025
2313	0.0025
2314	0.0025
2315	0.0025
2316	0.0025
2317	0.0025
2318	0.0025
2319	0.0025
232	0.3311
2320	0.0025
2321	0.0025
2322	0.0025
2323	0.0025
2324	0.0025
2325	0.0025
2326	0.0025
2327	0.0025
2328	0.0052
2329	0.0025
233	0.3311
2330	0.0052
2331	0.0025
2332	0.0025
2333	0.0025
2334	0.0025
2335	0.0025
2336	0.0025
2337	0.0059
2338	0.0025
2339	0.0025
234	0.3311
2340	0.0025
2341	0.0041
2342	0.0051
2343	0.0051
2344	0.0095
2345	0.0031
2346	0.0031
2347	0.0031
2348	0.0043
2349	0.0043
235	0.5911
2350	0.0043
2351	0.0043
2352	0.0051
2353	0.0058
2354	0.0384
2355	0.0082
2356	0.0082
2357	0.0082
2358	0.0082
2359	0.0036
236	0.6264
2360	0.0034
2361	0.0034
2362	0.264
2363	0.2804
2364	0.0037
2365	0.0137
2366	0.0137
2367	0.0141
2368	0.0141
2369	0.0141
237	0.3311
2370	0.0257
2371	0.0257
2372	0.006
2373	0.006
2374	0.006
2375	0.006
2376	0.006
2377	0.0172
2378	0.0087
2379	0.0087
238	0.3311
2380	0.0087
2381	0.0087
2382	0.0087
2383	0.0087
2384	0.0087
2385	0.0294
2386	0.0042
2387	0.0042
2388	0.0042
2389	0.0042
239	0.3311
2390	0.0042
2391	0.0042
2392	0.0042
2393	0.0042
2394	0.0042
2395	0.0042
2396	0.0042
2397	0.0042
2398	0.0042
2399	0.0042
24	0.1528
240	1.1251
2400	0.0042
2401	0.0042
2402	0.2141
2403	0.0049
2404	0.0049
2405	0.0049
2406	0.0049
2407	0.0049
2408	0.0049
2409	0.0049
241	0.3529
2410	0.0049
2411	0.0049
2412	0.0049
2413	0.0049
2414	0.0049
2415	0.0049
2416	0.0049
2417	0.0191
2418	0.0191
2419	0.0191
242	0.7676
2420	0.0087
2421	0.0087
2422	0.0087
2423	0.0087
2424	0.0087
2425	0.0087
2426	0.0087
2427	0.0039
2428	0.0039
2429	0.0039
243	0.3311
2430	0.0039
2431	0.0039
2432	0.0039
2433	0.0039
2434	0.0039
2435	0.0039
2436	0.0039
2437	0.0039
2438	0.0039
2439	0.0039
244	0.5231
2440	0.0039
2441	0.0056
2442	0.0056
2443	0.0056
2444	0.0056
2445	0.0056
2446	0.0048
2447	0.0048
2448	0.0048
2449	0.0048
245	0.5231
2450	0.0064
2451	0.0048
2452	0.1037
2453	0.0633
2454	0.0633
2455	0.0269
2456	0.0633
2457	0.0673
2458	0.0633
2459	0.0269
246	0.4907
2460	0.0139
2461	0.0139
2462	0.0139
2463	0.0139
2464	0.0139
2465	0.0139
2466	0.0139
2467	0.0139
2468	0.0139
2469	0.0139
247	0.3311
2470	0.0139
2471	0.0139
2472	0.0139
2473	0.0139
2474	0.0139
2475	0.0139
2476	0.0139
2477	0.0139
2478	0.0139
2479	0.0139
248	3.2414
2480	0.0139
2481	0.0139
2482	0.0737
2483	0.0414
2484	0.0414
2485	0.1548
2486	0.1548
2487	0.0161
2488	0.0161
2489	0.0161
249	1.246
2490	0.0161
2491	0.0161
2492	0.0161
2493	0.0161
2494	0.0161
2495	0.0161
2496	0.0161
2497	0.0161
2498	0.0161
2499	0.0161
25	0.0265
250	0.4723
2500	0.0161
2501	0.0161
2502	0.0161
2503	0.0161
2504	0.0161
2505	0.0161
2506	0.0161
2507	0.0161
2508	0.0161
2509	0.0161
251	0.4882
2510	0.1056
2511	0.087
2512	0.087
2513	0.087
2514	0.087
2515	0.0196
2516	0.0196
2517	0.0196
2518	0.0178
2519	0.0178
252	0.9527
2520	0.0178
2521	0.0178
2522	0.0178
2523	0.0178
2524	0.0617
2525	0.0178
2526	0.0178
2527	0.0178
2528	0.0178
2529	0.0178
253	0.3471
2530	0.0178
2531	0.0178
2532	0.0265
2533	0.0265
2534	0.0265
2535	0.0503
2536	0.3872
2537	0.8276
2538	0.8276
2539	0.3872
254	0.5312
2540	0.011
2541	0.011
2542	0.011
2543	0.011
2544	0.0069
2545	0.0069
2546	0.0074
2547	0.0115
2548	0.0115
2549	0.0115
255	0.6334
2550	0.0115
2551	0.6239
2552	0.6239
2553	0.6239
2554	0.6239
2555	0.0042
2556	0.0042
2557	0.0042
2558	0.0042
2559	0.0042
256	0.5874
2560	0.0042
2561	0.0042
2562	0.0042
2563	0.1674
2564	0.0132
2565	0.0132
2566	0.0132
2567	0.0132
2568	0.0132
2569	0.0046
257	0.7173
2570	0.0046
2571	0.0046
2572	0.0046
2573	0.0046
2574	0.0046
2575	0.0046
2576	0.0046
2577	0.0046
2578	0.0046
2579	0.0046
258	1.6357
2580	0.0046
2581	0.0046
2582	0.0046
2583	0.0046
2584	0.0046
2585	0.0046
2586	0.0315
2587	0.0315
2588	0.1594
2589	0.034
259	1.6357
2590	0.034
2591	0.034
2592	0.0311
2593	0.0311
2594	0.0311
2595	0.0311
2596	0.0311
2597	0.0311
2598	0.2464
2599	0.0272
26	2.5799
260	1.6357
2600	0.0272
2601	0.0272
2602	0.0272
2603	0.0272
2604	0.0134
2605	0.0134
2606	0.0134
2607	0.0134
2608	0.0134
2609	0.0134
261	0.2379
2610	0.0103
2611	0.0103
2612	0.0103
2613	0.0103
2614	0.0103
2615	0.0051
2616	0.0051
2617	0.0074
2618	0.0051
2619	0.0074
262	0.3267
2620	0.0051
2621	0.0051
2622	0.0051
2623	0.0051
2624	0.0048
2625	0.0048
2626	0.0048
2627	0.0048
2628	0.0048
2629	0.0048
263	0.2323
2630	0.0022
2631	0.0022
2632	0.0022
2633	0.0022
2634	0.0022
2635	0.0022
2636	0.0022
2637	0.0022
2638	0.0123
2639	0.0022
264	0.3014
2640	0.0022
2641	0.0022
2642	0.0022
2643	0.0021
2644	0.0021
2645	0.0021
2646	0.0021
2647	0.0021
2648	0.0021
2649	0.0021
265	0.2417
2650	0.0061
2651	0.0061
2652	0.0061
2653	0.0061
2654	0.0061
2655	0.0061
2656	0.0061
2657	0.0061
2658	0.0061
2659	0.0061
266	0.2363
2660	0.0061
2661	0.0061
2662	0.0061
2663	0.058
2664	0.025
2665	0.025
2666	0.025
2667	0.0154
2668	0.0154
2669	0.0154
267	0.2935
2670	0.0154
2671	1.0722
2672	1.0722
2673	1.0722
2674	1.0722
2675	1.0722
2676	0.0494
2677	0.0037
2678	0.0072
2679	0.0072
268	0.299
2680	0.0113
2681	0.0117
2682	0.0117
2683	0.0117
2684	0.0117
2685	0.0024
2686	0.0024
2687	0.0024
2688	0.0024
2689	0.0024
269	0.2323
2690	0.0024
2691	0.0024
2692	0.0024
2693	0.0024
2694	0.0024
2695	0.0024
2696	0.0024
2697	0.0024
2698	0.0024
2699	0.0024
27	22.4817
270	0.2592
2700	0.0024
2701	0.0024
2702	0.0024
2703	0.0051
2704	0.0024
2705	0.0051
2706	0.0024
2707	0.0024
2708	0.0024
2709	0.0024
271	0.2138
2710	0.0061
2711	0.0024
2712	0.0024
2713	0.0024
2714	0.0044
2715	0.0054
2716	0.0054
2717	0.0101
2718	0.0034
2719	0.0034
272	0.3156
2720	0.0034
2721	0.0048
2722	0.0048
2723	0.0048
2724	0.0048
2725	0.0056
2726	0.0075
2727	0.0261
2728	0.0056
2729	0.0056
273	0.2357
2730	0.0056
2731	0.0056
2732	0.004
2733	0.0038
2734	0.0038
2735	0.3075
2736	0.0691
2737	0.0043
2738	0.0043
2739	0.0043
274	0.2263
2740	0.0043
2741	0.0043
2742	0.0043
2743	0.0043
2744	0.0043
2745	0.0043
2746	0.0043
2747	0.0043
2748	0.0691
2749	0.0704
275	0.2862
2750	0.2479
2751	0.2479
2752	0.2496
2753	0.1093
2754	0.572
2755	0.572
2756	0.5728
2757	0.8814
2758	0.8814
2759	0.8814
276	0.2768
2760	1.0
2761	1.0
2762	1.0
2763	0.0054
2764	0.0054
2765	0.0054
2766	0.0054
2767	0.0054
2768	0.0054
2769	0.0054
277	0.2453
2770	0.0054
2771	0.4532
2772	0.4532
2773	0.4532
2774	0.4532
2775	0.4532
2776	0.4532
2777	0.4532
2778	0.4532
2779	0.4532
278	0.291
2780	0.4532
2781	0.4532
2782	0.4532
2783	0.0046
2784	0.0188
2785	0.0188
2786	0.1258
2787	0.2428
2788	0.2428
2789	0.0252
279	0.2352
2790	0.0252
2791	0.0252
2792	0.0252
2793	0.0252
2794	0.0266
2795	0.0266
2796	0.0279
2797	0.0317
2798	0.2243
2799	0.006
28	20.0732
280	2.4173
2800	0.006
2801	0.006
2802	0.006
2803	0.006
2804	0.006
2805	0.006
2806	0.006
2807	0.006
2808	0.006
2809	0.006
281	0.2358
2810	0.006
2811	0.006
2812	0.006
2813	0.006
2814	0.006
2815	0.006
2816	0.006
2817	0.006
2818	0.006
2819	0.006
282	0.2606
2820	0.006
2821	0.006
2822	0.006
2823	0.006
2824	0.006
2825	0.006
2826	0.006
2827	0.006
2828	0.006
2829	0.006
283	0.2363
2830	0.006
2831	0.006
2832	0.006
2833	0.006
2834	0.006
2835	0.006
2836	0.006
2837	0.006
2838	0.006
2839	0.006
284	0.243
2840	0.006
2841	0.006
2842	0.006
2843	0.006
2844	0.006
2845	0.006
2846	0.006
2847	0.006
2848	0.006
2849	0.006
285	0.2432
2850	0.006
2851	0.006
2852	0.006
2853	0.006
2854	0.006
2855	0.006
2856	0.006
2857	0.006
2858	0.006
2859	0.006
286	0.2323
2860	0.006
2861	0.006
2862	0.006
2863	0.006
2864	0.006
2865	0.006
2866	0.006
2867	0.006
2868	0.006
2869	0.006
287	0.2323
2870	0.006
2871	0.006
2872	0.006
2873	0.006
2874	0.006
2875	0.006
2876	0.006
2877	0.006
2878	0.006
2879	0.006
288	0.2461
2880	0.006
2881	0.006
2882	0.006
2883	0.006
2884	0.006
2885	0.006
2886	0.006
2887	0.006
2888	0.006
2889	0.006
289	0.2363
2890	0.006
2891	0.006
2892	0.006
2893	0.006
2894	0.006
2895	0.006
2896	0.006
2897	0.006
2898	0.006
2899	0.006
29	16.092
290	0.2399
2900	0.006
2901	0.006
2902	0.006
2903	0.006
2904	0.006
2905	0.006
2906	0.006
2907	0.006
2908	0.006
2909	0.006
291	0.2868
2910	0.006
2911	0.006
2912	0.006
2913	0.006
2914	0.006
2915	0.006
2916	0.006
2917	0.006
2918	0.006
2919	0.006
292	0.2505
2920	0.006
2921	0.006
2922	0.006
2923	0.006
2924	0.006
2925	0.006
2926	0.006
2927	0.006
2928	0.006
2929	0.006
293	0.2404
2930	0.006
2931	0.006
2932	0.006
2933	0.006
2934	0.006
2935	0.006
2936	0.006
2937	0.006
2938	0.006
2939	0.006
294	0.3335
2940	0.006
2941	0.006
2942	0.006
2943	0.006
2944	0.006
2945	0.006
2946	0.006
2947	0.006
2948	0.006
2949	0.006
295	0.3342
2950	0.006
2951	0.006
2952	0.006
2953	0.006
2954	0.006
2955	0.006
2956	0.006
2957	0.006
2958	0.006
2959	0.006
296	0.3329
2960	0.006
2961	0.006
2962	0.006
2963	0.006
2964	0.006
2965	0.006
2966	0.006
2967	0.006
2968	0.006
2969	0.006
297	0.3504
2970	0.006
2971	0.006
2972	0.006
2973	0.006
2974	0.006
2975	0.006
2976	0.006
2977	0.006
2978	0.006
2979	0.006
298	0.3512
2980	0.006
2981	0.006
2982	0.006
2983	0.2006
2984	0.0378
2985	0.0378
2986	0.0378
2987	0.0378
2988	0.0378
2989	0.0378
299	0.3329
2990	0.1224
2991	0.0747
2992	0.0747
2993	0.0747
2994	0.0317
2995	0.0747
2996	0.0794
2997	0.0747
2998	0.0317
2999	0.0158
3	0.0675
30	5.6097
300	0.7778
3000	0.0158
3001	0.0158
3002	0.0158
3003	0.0158
3004	0.0158
3005	0.0158
3006	0.0158
3007	0.0158
3008	0.0158
3009	0.0158
301	0.3329
3010	0.0158
3011	0.0158
3012	0.0158
3013	0.0158
3014	0.0158
3015	0.0158
3016	0.0158
3017	0.0158
3018	0.0158
3019	0.0158
302	0.6317
3020	0.0158
3021	0.0199
3022	0.0158
3023	0.0158
3024	0.0158
3025	0.0158
3026	0.0869
3027	0.0869
3028	0.0487
3029	0.0487
303	1.3731
3030	0.1761
3031	0.1761
3032	0.0189
3033	0.0189
3034	0.0189
3035	0.0189
3036	0.0189
3037	0.0189
3038	0.0189
3039	0.0189
304	0.0228
3040	0.0189
3041	0.0189
3042	0.0189
3043	0.0189
3044	0.0189
3045	0.0189
3046	0.0189
3047	0.0189
3048	0.0189
3049	0.0189
305	0.1151
3050	0.0189
3051	0.0189
3052	0.0189
3053	0.0189
3054	0.0189
3055	0.2919
3056	0.1636
3057	0.2919
3058	0.1636
3059	0.0328
306	0.2045
3060	0.0328
3061	0.0328
3062	0.0328
3063	0.0328
3064	0.0328
3065	0.1689
3066	0.1689
3067	0.0328
3068	0.1611
3069	0.0358
307	0.1385
3070	0.0358
3071	0.0358
3072	0.0327
3073	0.0327
3074	0.0327
3075	0.0327
3076	0.0327
3077	0.0327
3078	0.0071
3079	0.0071
308	0.0242
3080	0.0071
3081	0.0071
3082	0.0071
3083	0.0071
3084	0.0071
3085	0.0071
3086	0.0071
3087	0.0071
3088	0.9803
3089	4.8406
309	0.9324
3090	0.3224
3091	0.3224
3092	0.3224
3093	0.3224
3094	0.4032
3095	0.8495
3096	0.3224
3097	0.4432
3098	0.6264
3099	0.595
31	3.7354
310	0.6757
3100	0.595
3101	0.595
3102	0.4372
3103	0.4372
3104	0.4685
3105	0.595
3106	0.595
3107	0.6186
3108	0.595
3109	0.771
311	0.6777
3110	0.595
3111	2.3272
3112	0.6426
3113	0.56
3114	0.0833
3115	0.1269
3116	0.0833
3117	1.0823
3118	0.0833
3119	0.514
312	0.7005
3120	0.4178
3121	0.0517
3122	0.0122
3123	0.0179
3124	0.0122
3125	0.062
3126	0.0292
3127	0.0292
3128	0.0348
3129	1.0039
313	0.6757
3130	0.043
3131	0.043
3132	0.043
3133	0.0384
3134	0.0384
3135	0.0384
3136	0.0384
3137	0.0384
3138	0.0384
3139	0.2571
314	0.6757
3140	0.4532
3141	0.4532
3142	0.4532
3143	0.4532
3144	0.4532
3145	0.4532
3146	0.4532
3147	0.4532
3148	0.4532
3149	0.4532
315	0.6757
3150	0.4532
3151	0.4532
3152	0.0336
3153	0.0119
3154	0.0119
3155	0.0119
3156	0.8594
3157	0.1743
3158	0.0234
3159	0.2753
316	0.6757
3160	0.0234
3161	0.1681
3162	0.0234
3163	5.3566
3164	2.134
3165	0.0234
3166	0.0234
3167	0.0983
3168	0.0983
3169	0.1445
317	0.6757
3170	0.1775
3171	0.1879
3172	0.1879
3173	0.1775
3174	0.0116
3175	0.0116
3176	0.0116
3177	0.2651
3178	0.2651
3179	0.2651
318	0.6757
3180	0.3731
3181	2.1597
3182	2.1521
3183	0.5936
3184	1.3948
3185	0.2651
3186	4.3446
3187	0.524
3188	2.6677
3189	2.3946
319	0.6757
3190	2.3946
3191	0.3722
3192	0.2651
3193	0.2651
3194	0.2651
3195	0.2651
3196	0.3069
3197	0.0037
3198	0.0137
3199	0.0137
32	5.5897
320	0.8396
3200	0.0142
3201	0.0142
3202	0.0142
3203	0.007
3204	0.007
3205	0.007
3206	0.007
3207	0.007
3208	0.0057
3209	0.0057
321	0.0849
3210	0.0057
3211	0.0057
3212	0.0057
3213	0.0049
3214	0.0049
3215	0.0049
3216	0.0049
3217	0.0064
3218	0.0049
3219	0.0682
322	0.0855
3220	8.6201
3221	6.724
3222	2.2944
3223	4.8274
3224	7.3562
3225	3.773
3226	6.0922
3227	11.3587
3228	5.4596
3229	3.3511
323	0.0855
3230	0.0722
3231	0.0167
3232	0.0167
3233	0.0993
3234	0.0993
3235	0.0993
3236	0.0232
3237	0.0232
3238	0.412
3239	0.2952
324	0.1395
3240	0.2952
3241	0.025
3242	0.025
3243	0.025
3244	0.025
3245	0.025
3246	0.025
3247	0.025
3248	0.025
3249	0.025
325	0.0604
3250	0.025
3251	0.025
3252	0.025
3253	0.025
3254	0.025
3255	0.025
3256	0.025
3257	0.025
3258	0.025
3259	0.025
326	0.0604
3260	0.025
3261	0.025
3262	0.025
3263	0.025
3264	0.025
3265	0.025
3266	0.025
3267	0.0286
3268	0.0131
3269	0.0131
327	0.0604
3270	0.0131
3271	0.0055
3272	0.0055
3273	0.0055
3274	3.4061
3275	0.0055
3276	0.114
3277	0.114
3278	0.114
3279	0.0025
328	0.0604
3280	0.0025
3281	0.0025
3282	0.0025
3283	0.0025
3284	0.0025
3285	0.0025
3286	0.0025
3287	0.0025
3288	0.0025
3289	0.0025
329	0.0604
3290	0.0025
3291	0.0025
3292	0.0025
3293	0.0025
3294	0.0025
3295	0.0025
3296	0.0025
3297	0.0025
3298	0.0025
3299	0.0337
33	7.2704
330	0.0604
3300	0.0242
3301	0.0242
3302	0.0242
3303	0.0087
3304	0.0087
3305	0.0087
3306	0.0087
3307	0.0087
3308	0.0087
3309	0.0087
331	0.1185
3310	0.0087
3311	0.0087
3312	0.0087
3313	0.0077
3314	0.0077
3315	0.0077
3316	0.0077
3317	0.0077
3318	0.0077
3319	0.0113
332	0.1597
3320	0.0113
3321	0.0154
3322	0.0553
3323	0.0553
3324	0.0553
3325	0.0553
3326	0.0553
3327	0.0553
3328	0.0553
3329	0.0062
333	0.0195
3330	0.0062
3331	0.0062
3332	0.0062
3333	0.0062
3334	0.0062
3335	0.0062
3336	0.0062
3337	0.0062
3338	0.0134
3339	0.016
334	0.2702
3340	0.0155
3341	0.0044
3342	0.0044
3343	0.0044
3344	0.0044
3345	0.0044
3346	0.0044
3347	0.0044
3348	0.0044
3349	0.0044
335	0.2702
3350	0.0044
3351	0.0108
3352	0.0108
3353	0.0108
3354	0.0108
3355	0.0108
3356	0.0243
3357	0.0033
3358	0.0033
3359	0.0033
336	0.2702
3360	0.0033
3361	0.0033
3362	0.005
3363	0.005
3364	0.0077
3365	0.0028
3366	0.0028
3367	0.0028
3368	0.0028
3369	0.0028
337	1.621
3370	0.0028
3371	0.0028
3372	0.0028
3373	0.0028
3374	0.0028
3375	0.0028
3376	0.0028
3377	0.0028
3378	0.0028
3379	0.0028
338	1.621
3380	0.0028
3381	0.0028
3382	0.0028
3383	0.0028
3384	0.0028
3385	0.0028
3386	0.0028
3387	0.0028
3388	0.0028
3389	0.0028
339	1.621
3390	0.0028
3391	0.0028
3392	0.0223
3393	0.0028
3394	0.0028
3395	0.0028
3396	0.0028
3397	0.0028
3398	0.0028
3399	0.0028
34	4.1956
340	0.2219
3400	0.0223
3401	0.0028
3402	0.0028
3403	0.0028
3404	0.0028
3405	0.0028
3406	0.0028
3407	0.0028
3408	0.0028
3409	0.0028
341	0.3137
3410	0.0028
3411	0.0028
3412	0.0028
3413	0.0028
3414	0.0028
3415	0.0028
3416	0.0028
3417	0.0028
3418	0.0028
3419	0.0028
342	0.0146
3420	0.0028
3421	0.0028
3422	0.0028
3423	0.0028
3424	0.0028
3425	0.0028
3426	0.0028
3427	0.0028
3428	0.0028
3429	0.0028
343	0.0146
3430	0.0028
3431	0.0028
3432	0.0028
3433	0.0028
3434	0.0028
3435	0.0028
3436	0.0028
3437	0.0028
3438	0.0028
3439	0.0028
344	0.4234
3440	0.0028
3441	0.0028
3442	0.0028
3443	0.0028
3444	0.0028
3445	0.0028
3446	0.0028
3447	0.0028
3448	0.0028
3449	0.0028
345	0.0043
3450	0.0028
3451	0.0028
3452	0.0028
3453	0.0028
3454	0.0028
3455	0.0028
3456	0.0028
3457	0.0028
3458	0.0028
3459	0.0028
346	0.0088
3460	0.0028
3461	0.0028
3462	0.0028
3463	0.0028
3464	0.0028
3465	0.0028
3466	0.0028
3467	0.0028
3468	0.0028
3469	0.0028
347	0.0088
3470	0.0028
3471	0.0174
3472	0.0174
3473	0.0174
3474	0.0174
3475	0.0174
3476	0.0174
3477	0.0174
3478	0.0174
3479	1.0618
348	0.0106
3480	1.0618
3481	1.0618
3482	1.0618
3483	1.0618
3484	1.0618
3485	1.0618
3486	1.0618
3487	1.0618
3488	1.0618
3489	0.0037
349	0.0088
3490	0.0138
3491	0.0138
3492	0.0144
3493	0.0144
3494	0.0144
3495	0.0061
3496	0.0061
3497	0.0061
3498	0.0061
3499	0.0061
35	3.9736
350	0.0212
3500	0.0057
3501	0.0057
3502	0.0057
3503	0.0057
3504	0.0057
3505	0.0049
3506	0.0049
3507	0.0049
3508	0.0049
3509	0.0064
351	0.0072
3510	0.0049
3511	0.1053
3512	0.4178
3513	0.0513
3514	1.5214
3515	0.122
3516	0.122
3517	0.0236
3518	0.0236
3519	0.0236
352	0.0043
3520	0.0594
3521	0.0029
3522	0.0594
3523	0.0029
3524	0.0029
3525	0.0029
3526	0.0029
3527	0.0029
3528	0.0029
3529	0.0029
353	0.0043
3530	0.0029
3531	0.0029
3532	0.0105
3533	0.0029
3534	0.0105
3535	0.0029
3536	0.0029
3537	0.0029
3538	0.0029
3539	0.0029
354	0.0043
3540	0.0029
3541	0.0029
3542	0.0029
3543	0.0029
3544	0.0029
3545	0.0029
3546	0.0029
3547	0.0029
3548	0.0029
3549	0.0029
355	0.0043
3550	0.0029
3551	0.0029
3552	0.0029
3553	0.0029
3554	0.0029
3555	0.0594
3556	0.0029
3557	0.0029
3558	0.0029
3559	0.0029
356	2.6673
3560	0.0029
3561	0.0029
3562	0.0029
3563	0.0029
3564	0.0085
3565	0.0085
3566	0.0085
3567	0.0085
3568	0.0085
3569	0.0085
357	2.4743
3570	0.0085
3571	0.0085
3572	0.0085
3573	0.0085
3574	0.0076
3575	0.0076
3576	0.0076
3577	0.0076
3578	0.0076
3579	0.0076
358	0.5645
3580	0.011
3581	0.011
3582	0.015
3583	0.2472
3584	1.9664
3585	2.2706
3586	2.9754
3587	2.2706
3588	0.0437
3589	0.0437
359	0.8605
3590	0.4324
3591	0.1082
3592	0.1082
3593	0.1082
3594	0.0856
3595	0.0856
3596	0.0856
3597	0.052
3598	0.0856
3599	0.0856
36	7.6276
360	0.5645
3600	0.6271
3601	0.057
3602	0.4604
3603	0.077
3604	0.166
3605	0.2669
3606	0.2669
3607	0.019
3608	0.0381
3609	0.019
361	0.5645
3610	0.0381
3611	0.0266
3612	0.0266
3613	1.0879
3614	0.0381
3615	0.1435
3616	0.188
3617	0.0342
3618	0.0342
3619	0.0342
362	1.2133
3620	0.0342
3621	0.0342
3622	0.0342
3623	0.0342
3624	0.0787
3625	0.0342
3626	0.1047
3627	0.0455
3628	0.0455
3629	0.0455
363	0.104
3630	0.0455
3631	0.0455
3632	0.0455
3633	0.0455
3634	0.0542
3635	0.0542
3636	0.0542
3637	0.0894
3638	0.0392
3639	0.0392
364	0.104
3640	0.0392
3641	0.0392
3642	0.0392
3643	2.0101
3644	2.0101
3645	1.8853
3646	1.8853
3647	1.8853
3648	1.8853
3649	0.0985
365	0.1666
3650	0.0985
3651	0.0985
3652	0.0985
3653	0.0985
3654	0.0985
3655	0.0985
3656	0.0985
3657	0.0985
3658	0.0985
3659	0.0681
366	0.104
3660	0.0187
3661	0.0187
3662	0.0187
3663	0.0187
3664	1.1705
3665	0.0032
3666	0.0032
3667	0.0032
3668	0.0032
3669	0.0032
367	0.104
3670	0.0032
3671	0.0032
3672	0.0032
3673	0.0032
3674	0.0032
3675	0.0032
3676	0.0032
3677	0.0032
3678	0.0032
3679	0.0032
368	0.104
3680	0.0032
3681	0.0032
3682	0.0032
3683	0.0032
3684	0.0032
3685	0.0032
3686	0.0032
3687	0.0032
3688	0.0032
3689	0.0032
369	1.9866
3690	0.0032
3691	0.0032
3692	0.0032
3693	0.0032
3694	0.0032
3695	0.0032
3696	0.0032
3697	0.0032
3698	0.0032
3699	0.0032
37	33.0486
370	0.0084
3700	0.0758
3701	0.1961
3702	0.4178
3703	0.0547
3704	0.1781
3705	0.7527
3706	0.4326
3707	0.1717
3708	0.1717
3709	0.1034
371	0.0762
3710	0.0875
3711	0.1717
3712	0.0905
3713	0.1365
3714	0.1365
3715	0.1365
3716	0.0798
3717	0.0798
3718	0.206
3719	0.1837
372	0.0129
3720	0.1978
3721	0.0685
3722	0.0685
3723	0.0089
3724	0.0089
3725	0.0089
3726	0.1212
3727	0.1212
3728	0.1212
3729	4.2876
373	0.0129
3730	0.0089
3731	0.0089
3732	0.0089
3733	1.1089
3734	4.9521
3735	1.1858
3736	1.1089
3737	0.2213
3738	0.6665
3739	0.7845
374	0.011
3740	1.8867
3741	0.4159
3742	3.5257
3743	0.2213
3744	0.2213
3745	0.2213
3746	0.2213
3747	0.2213
3748	0.0419
3749	0.0712
375	0.0109
3750	0.0419
3751	0.0408
3752	0.0408
3753	0.0408
3754	0.0408
3755	0.0408
3756	0.0408
3757	0.0408
3758	0.0408
3759	0.1704
376	0.0129
3760	0.1704
3761	0.1704
3762	0.4018
3763	0.4018
3764	0.4018
3765	0.4018
3766	1.0158
3767	1.0158
3768	0.1089
3769	0.1089
377	0.0145
3770	0.1089
3771	0.1089
3772	0.1089
3773	1.1972
3774	1.1972
3775	1.1972
3776	1.1972
3777	0.0906
3778	0.0906
3779	0.0906
378	0.0129
3780	0.0906
3781	0.6908
3782	0.92
3783	0.6908
3784	0.6908
3785	0.6908
3786	0.6908
3787	0.108
3788	0.1478
3789	0.8386
379	0.0129
3790	0.8386
3791	0.8386
3792	0.5012
3793	0.5012
3794	0.5012
3795	0.5012
3796	0.5012
3797	0.5012
3798	0.5012
3799	0.5012
38	30.4059
380	0.0025
3800	0.0682
3801	0.0743
3802	0.0131
3803	0.0131
3804	0.0131
3805	0.0055
3806	0.0055
3807	0.0055
3808	3.4061
3809	0.0055
381	0.0025
3810	0.114
3811	0.114
3812	0.114
3813	0.0025
3814	0.0025
3815	0.0025
3816	0.0025
3817	0.0025
3818	0.0025
3819	0.0025
382	0.1213
3820	0.0025
3821	0.0025
3822	0.0025
3823	0.0025
3824	0.0025
3825	0.0025
3826	0.0025
3827	0.0025
3828	0.0025
3829	0.0025
383	0.1213
3830	0.0025
3831	0.0025
3832	0.0025
3833	0.0338
3834	10.6465
3835	4.5451
3836	1.3943
3837	0.5712
3838	0.4615
3839	0.4561
384	0.2314
3840	0.4558
3841	0.4558
3842	0.4558
3843	0.4558
3844	0.4558
3845	0.4558
3846	0.4558
3847	0.4558
3848	0.4558
3849	0.4558
385	0.2314
3850	0.4558
3851	0.4558
3852	0.4558
3853	0.4558
3854	0.4558
3855	0.4558
3856	0.4558
3857	0.4558
3858	0.4558
3859	0.4558
386	0.2314
3860	0.4558
3861	0.4558
3862	0.4558
3863	0.4558
3864	0.4558
3865	0.4558
3866	0.4558
3867	0.4558
3868	0.4559
3869	0.4591
387	0.5064
3870	0.4955
3871	0.8032
3872	2.3278
3873	7.6142
3874	0.1973
3875	8.3314
3876	3.6435
3877	1.1988
3878	0.551
3879	0.4626
388	0.133
3880	0.4577
3881	0.4574
3882	0.4574
3883	0.4574
3884	0.4574
3885	0.4574
3886	0.4574
3887	0.4574
3888	0.4574
3889	0.4574
389	0.3294
3890	0.4574
3891	0.4574
3892	0.4574
3893	0.4574
3894	0.4574
3895	0.4574
3896	0.4574
3897	0.4574
3898	0.4574
3899	0.4574
39	8.4936
390	0.1124
3900	0.4575
3901	0.4602
3902	0.4898
3903	0.7336
3904	1.9159
3905	5.9839
3906	0.1978
3907	2.9276
3908	1.5497
3909	0.7535
391	2.3865
3910	0.5141
3911	0.4756
3912	0.4733
3913	0.4866
3914	0.5819
3915	0.9635
3916	2.1778
3917	0.2015
3918	6.0165
3919	2.7434
392	0.0984
3920	1.0046
3921	0.5321
3922	0.4651
3923	0.4606
3924	0.4603
3925	0.4603
3926	0.4603
3927	0.4603
3928	0.4603
3929	0.4603
393	0.0984
3930	0.4603
3931	0.4603
3932	0.4603
3933	0.4603
3934	0.4604
3935	0.4627
3936	0.4853
3937	0.6653
3938	1.5051
3939	4.3535
394	0.0984
3940	0.1986
3941	9.1033
3942	3.9441
3943	1.2639
3944	0.5577
3945	0.4622
3946	0.4571
3947	0.4568
3948	0.4568
3949	0.4568
395	0.0984
3950	0.4568
3951	0.4568
3952	0.4568
3953	0.4568
3954	0.4568
3955	0.4568
3956	0.4568
3957	0.4568
3958	0.4568
3959	0.4568
396	0.1124
3960	0.4568
3961	0.4568
3962	0.4568
3963	0.4568
3964	0.4568
3965	0.4568
3966	0.4568
3967	0.4568
3968	0.4568
3969	0.4569
397	0.0984
3970	0.4598
3971	0.4916
3972	0.7567
3973	2.0532
3974	6.5274
3975	0.1976
3976	4.73
3977	2.2444
3978	0.898
3979	0.5228
398	0.0984
3980	0.4677
3981	0.4635
3982	0.4632
3983	0.4632
3984	0.4632
3985	0.4632
3986	0.4632
3987	0.4633
3988	0.4652
3989	0.4841
399	0.1786
3990	0.6287
3991	1.278
3992	3.4474
3993	0.1994
3994	7.5602
3995	3.3434
3996	1.1338
3997	0.5445
3998	0.4633
3999	0.4585
4	0.0265
40	13.6888
400	0.0984
4000	0.4582
4001	0.4582
4002	0.4582
4003	0.4582
4004	0.4582
4005	0.4582
4006	0.4582
4007	0.4582
4008	0.4582
4009	0.4582
401	0.0913
4010	0.4582
4011	0.4582
4012	0.4582
4013	0.4582
4014	0.4582
4015	0.4582
4016	0.4583
4017	0.4609
4018	0.4881
4019	0.7107
402	0.0984
4020	1.7789
4021	5.4408
4022	0.198
4023	13.9901
4024	5.8481
4025	1.6779
4026	0.6013
4027	0.4608
4028	0.4547
4029	0.4544
403	0.0984
4030	0.4544
4031	0.4544
4032	0.4544
4033	0.4544
4034	0.4544
4035	0.4544
4036	0.4544
4037	0.4544
4038	0.4544
4039	0.4544
404	0.1124
4040	0.4544
4041	0.4544
4042	0.4544
4043	0.4544
4044	0.4544
4045	0.4544
4046	0.4544
4047	0.4544
4048	0.4544
4049	0.4544
405	0.0984
4050	0.4544
4051	0.4544
4052	0.4544
4053	0.4544
4054	0.4544
4055	0.4544
4056	0.4544
4057	0.4544
4058	0.4544
4059	0.4544
406	0.1124
4060	0.4544
4061	0.4544
4062	0.4544
4063	0.4544
4064	0.4544
4065	0.4544
4066	0.4544
4067	0.4544
4068	0.4544
4069	0.4544
407	0.0913
4070	0.4545
4071	0.4584
4072	0.5048
4073	0.9048
4074	2.9237
4075	9.9691
4076	0.1969
4077	6.7881
4078	3.0432
4079	1.069
408	0.0913
4080	0.5381
4081	0.464
4082	0.4594
4083	0.4591
4084	0.4591
4085	0.4591
4086	0.4591
4087	0.4591
4088	0.4591
4089	0.4591
409	0.1456
4090	0.4591
4091	0.4591
4092	0.4591
4093	0.4591
4094	0.4591
4095	0.4591
4096	0.4592
4097	0.4616
4098	0.4866
4099	0.6878
41	8.3181
410	0.1456
4100	1.6418
4101	4.8969
4102	0.1983
4103	4.2153
4104	2.0453
4105	0.8559
4106	0.5196
4107	0.4692
4108	0.4651
4109	0.4648
411	0.1456
4110	0.4648
4111	0.4648
4112	0.4649
4113	0.4668
4114	0.4841
4115	0.6146
4116	1.1875
4117	3.085
4118	0.1998
4119	0.0055
412	0.1456
4120	0.0055
4121	0.1744
4122	0.1626
4123	0.1626
4124	0.0052
4125	0.0052
4126	0.0052
4127	0.0052
4128	0.0052
4129	0.0052
413	0.1456
4130	0.0052
4131	0.0052
4132	0.0052
4133	0.0052
4134	0.0052
4135	0.0052
4136	0.0052
4137	0.0052
4138	0.0052
4139	4.2842
414	0.1456
4140	2.0755
4141	0.8785
4142	0.5409
4143	0.4903
4144	0.4862
4145	0.4859
4146	0.4859
4147	0.4859
4148	0.486
4149	0.4879
415	0.1049
4150	0.5053
4151	0.637
4152	1.2172
4153	3.1512
4154	0.1209
4155	0.1209
4156	0.1209
4157	0.1209
4158	0.1209
4159	0.1209
416	0.756
4160	0.0016
4161	0.0016
4162	0.0016
4163	0.0016
4164	0.0016
4165	0.0016
4166	0.0016
4167	0.0016
4168	0.0016
4169	0.0016
417	0.0078
4170	0.0016
4171	0.0016
4172	0.0016
4173	0.0016
4174	0.0016
4175	0.0016
4176	0.0016
4177	0.0016
4178	0.0016
4179	0.0016
418	0.0078
4180	0.0016
4181	0.0016
4182	0.0016
4183	0.0016
4184	0.0016
4185	0.0016
4186	0.0016
4187	0.0016
4188	0.0016
4189	0.0016
419	0.0078
4190	0.0016
4191	0.0016
4192	0.0016
4193	0.0016
4194	0.0016
4195	0.0016
4196	0.0016
4197	0.0016
4198	0.0016
4199	0.0016
42	10.4138
420	0.0078
4200	0.0016
4201	0.0016
4202	0.0016
4203	0.0016
4204	0.0016
4205	0.0016
4206	0.0016
4207	0.0016
4208	0.0015
4209	0.0015
421	0.0078
4210	0.0015
4211	0.0015
4212	0.0015
4213	0.0015
4214	0.0015
4215	0.0015
4216	0.0015
4217	0.0015
4218	0.0015
4219	0.0015
422	0.0078
4220	0.0015
4221	0.0015
4222	0.0015
4223	0.0015
4224	0.0015
4225	0.0015
4226	0.0015
4227	0.0015
4228	0.0015
4229	0.0015
423	0.0078
4230	0.0015
4231	0.0015
4232	0.0015
4233	0.0015
4234	0.0015
4235	0.0015
4236	0.0015
4237	0.0015
4238	0.0015
4239	0.0015
424	0.0078
4240	0.0015
4241	0.0015
4242	0.0015
4243	0.0015
4244	0.0015
4245	0.0015
4246	0.0015
4247	0.0015
4248	0.0015
4249	0.0015
425	21.1626
4250	0.0015
4251	0.0015
4252	0.0015
4253	0.0015
4254	0.0015
4255	0.0015
4256	0.0015
4257	0.0015
4258	0.0015
4259	0.0015
426	1.3408
4260	0.0015
4261	0.0015
4262	0.0015
4263	0.0015
4264	0.0015
4265	0.0015
4266	0.0015
4267	0.0015
4268	0.0015
4269	0.0015
427	1.0996
4270	0.0015
4271	0.0015
4272	0.0015
4273	0.0015
4274	0.0015
4275	0.0015
4276	0.0015
4277	0.0015
4278	0.0015
4279	0.0015
428	0.256
4280	0.0015
4281	0.0015
4282	0.0015
4283	0.0015
4284	0.0015
4285	0.0015
4286	0.0015
4287	0.0015
4288	0.0015
4289	0.0015
429	0.5706
4290	0.0015
4291	0.0015
4292	0.0015
4293	0.0015
4294	0.0015
4295	0.0015
4296	0.0015
4297	0.0015
4298	0.0015
4299	0.0015
43	24.7028
430	2.9793
4300	0.0015
4301	0.0015
4302	0.0015
4303	0.0015
4304	0.0015
4305	0.0015
4306	0.0015
4307	0.0015
4308	0.0015
4309	0.0015
431	0.0958
4310	0.0015
4311	0.0015
4312	0.0015
4313	0.0015
4314	0.0015
4315	0.0015
4316	0.0015
4317	0.0015
4318	0.0015
4319	0.0015
432	0.0324
4320	0.0015
4321	0.0015
4322	0.0015
4323	0.0015
4324	0.0015
4325	0.0015
4326	0.0015
4327	0.0015
4328	0.0015
4329	0.0015
433	0.096
4330	0.0015
4331	0.0015
4332	0.0015
4333	0.0015
4334	0.0015
4335	0.0015
4336	0.0015
4337	0.0015
4338	0.0015
4339	0.0015
434	0.096
4340	0.0015
4341	0.0015
4342	0.0015
4343	0.0015
4344	0.0015
4345	0.0015
4346	0.0015
4347	0.0015
4348	0.0015
4349	0.0015
435	0.0893
4350	0.0015
4351	0.0015
4352	0.0015
4353	0.0015
4354	0.0015
4355	0.0015
4356	0.0015
4357	0.0015
4358	0.0015
4359	0.0015
436	0.0893
4360	0.0015
4361	0.0015
4362	0.0015
4363	0.0015
4364	0.0015
4365	0.0015
4366	0.0015
4367	0.0015
4368	0.0015
4369	0.0015
437	0.0893
4370	0.0015
4371	0.0015
4372	0.0015
4373	0.0015
4374	0.0015
4375	0.0015
4376	0.0015
4377	0.0015
4378	0.0015
4379	0.0015
438	0.0893
4380	0.0015
4381	0.0015
4382	0.0015
4383	0.0015
4384	0.0015
4385	0.0015
4386	0.0015
4387	0.0015
4388	0.0015
4389	0.0015
439	0.0893
4390	0.0015
4391	0.0015
4392	0.0015
4393	0.0015
4394	0.0015
4395	0.0015
4396	0.0015
4397	0.0015
4398	0.0015
4399	0.0015
44	8.0671
440	0.1006
4400	0.0015
4401	0.0015
4402	0.0015
4403	0.0015
4404	0.0015
4405	0.0015
4406	0.0015
4407	0.0015
4408	0.0015
4409	0.0015
441	0.0257
4410	0.0015
4411	0.0015
4412	0.0015
4413	0.0015
4414	0.0015
4415	0.0015
4416	0.0015
4417	0.0015
4418	0.0015
4419	0.0015
442	0.0384
4420	0.0015
4421	0.0015
4422	0.0015
4423	0.0015
4424	0.0015
4425	0.0015
4426	0.0015
4427	0.0015
4428	0.0015
4429	0.0015
443	0.0384
4430	0.0015
4431	0.0015
4432	0.0015
4433	0.0015
4434	0.0015
4435	0.0015
4436	0.0132
4437	0.0132
4438	0.0051
4439	0.0132
444	0.0384
4440	0.0132
4441	0.0132
4442	0.0132
4443	0.0051
4444	0.0051
4445	0.0051
4446	0.009
4447	0.0373
4448	0.0713
4449	0.0698
445	0.1307
4450	0.0682
4451	0.0722
4452	0.0131
4453	0.0131
4454	0.0131
4455	0.0055
4456	0.0055
4457	0.0055
4458	3.4061
4459	0.0055
446	0.1366
4460	0.114
4461	0.114
4462	0.114
4463	0.0025
4464	0.0025
4465	0.0025
4466	0.0025
4467	0.0025
4468	0.0025
4469	0.0025
447	0.1307
4470	0.0025
4471	0.0025
4472	0.0025
4473	0.0025
4474	0.0025
4475	0.0025
4476	0.0025
4477	0.0025
4478	0.0025
4479	0.0025
448	0.2942
4480	0.0025
4481	0.0025
4482	0.0025
4483	0.0337
4484	1.1704
4485	1.4871
4486	0.0016
4487	0.0016
4488	0.0016
4489	0.0016
449	0.2863
4490	0.0016
4491	0.0016
4492	0.0016
4493	0.0016
4494	0.0016
4495	0.0016
4496	0.0016
4497	0.0016
4498	0.0016
4499	0.0016
45	4.3672
450	0.2684
4500	0.0016
4501	0.0016
4502	0.0016
4503	0.0016
4504	0.0016
4505	0.0016
4506	0.0016
4507	0.0016
4508	0.0016
4509	0.0016
451	0.174
4510	0.0016
4511	0.0016
4512	0.0016
4513	0.0016
4514	0.0016
4515	0.0016
4516	0.0016
4517	0.0016
4518	0.0016
4519	0.0016
452	0.1045
4520	0.0016
4521	0.0016
4522	0.0016
4523	0.0016
4524	0.0016
4525	0.0016
4526	0.0016
4527	0.0016
4528	0.0016
4529	0.0016
453	0.085
4530	0.0016
4531	0.0016
4532	0.0016
4533	0.0016
4534	0.0015
4535	0.0015
4536	0.0015
4537	0.0015
4538	0.0015
4539	0.0015
454	0.085
4540	0.0015
4541	0.0015
4542	0.0015
4543	0.0015
4544	0.0015
4545	0.0015
4546	0.0015
4547	0.0015
4548	0.0015
4549	0.0015
455	0.085
4550	0.0015
4551	0.0015
4552	0.0015
4553	0.0015
4554	0.0015
4555	0.0015
4556	0.0015
4557	0.0015
4558	0.0015
4559	0.0015
456	0.085
4560	0.0015
4561	0.0015
4562	0.0015
4563	0.0015
4564	0.0015
4565	0.0015
4566	0.0015
4567	0.0015
4568	0.0015
4569	0.0015
457	0.6838
4570	0.0015
4571	0.0015
4572	0.0015
4573	0.0015
4574	0.0015
4575	0.0015
4576	0.0015
4577	0.0015
4578	0.0015
4579	0.0015
458	0.6838
4580	0.0015
4581	0.0015
4582	0.0015
4583	0.0015
4584	0.0015
4585	0.0015
4586	0.0015
4587	0.0015
4588	0.0015
4589	0.0015
459	0.6838
4590	0.0015
4591	0.0015
4592	0.0015
4593	0.0015
4594	0.0015
4595	0.0015
4596	0.0015
4597	0.0015
4598	0.0015
4599	0.0015
46	8.1682
460	0.6265
4600	0.0015
4601	0.0015
4602	0.0015
4603	0.0015
4604	0.0015
4605	0.0015
4606	0.0015
4607	0.0015
4608	0.0015
4609	0.0015
461	0.6838
4610	0.0015
4611	0.0015
4612	0.0015
4613	0.0015
4614	0.0015
4615	0.0015
4616	0.0015
4617	0.0015
4618	0.0015
4619	0.0015
462	0.6879
4620	0.0015
4621	0.0015
4622	0.0015
4623	0.0015
4624	0.0015
4625	0.0015
4626	0.0015
4627	0.0015
4628	0.0015
4629	0.0015
463	0.6879
4630	0.0015
4631	0.0015
4632	0.0015
4633	0.0015
4634	0.0015
4635	0.0015
4636	0.0015
4637	0.0015
4638	0.0015
4639	0.0015
464	0.6879
4640	0.0015
4641	0.0015
4642	0.0015
4643	0.0015
4644	0.0015
4645	0.0015
4646	0.0015
4647	0.0015
4648	0.0015
4649	0.0015
465	0.6838
4650	0.0015
4651	0.0015
4652	0.0015
4653	0.0015
4654	0.0015
4655	0.0015
4656	0.0015
4657	0.0015
4658	0.0015
4659	0.0015
466	0.6838
4660	0.0015
4661	0.0015
4662	0.0015
4663	0.0015
4664	0.0015
4665	0.0015
4666	0.0015
4667	0.0015
4668	0.0015
4669	0.0015
467	0.7461
4670	0.0015
4671	0.0015
4672	0.0015
4673	0.0015
4674	0.0015
4675	0.0015
4676	0.0015
4677	0.0015
4678	0.0015
4679	0.0015
468	0.7461
4680	0.0015
4681	0.0015
4682	0.0015
4683	0.0015
4684	0.0015
4685	0.0015
4686	0.0015
4687	0.0015
4688	0.0015
4689	0.0015
469	0.1957
4690	0.0015
4691	0.0015
4692	0.0015
4693	0.0015
4694	0.0015
4695	0.0015
4696	0.0015
4697	0.0015
4698	0.0015
4699	0.0015
47	2.5883
470	0.1467
4700	0.0015
4701	0.0015
4702	0.0015
4703	0.0015
4704	0.0015
4705	0.0015
4706	0.0015
4707	0.0015
4708	0.0015
4709	0.0015
471	0.1467
4710	0.0015
4711	0.0015
4712	0.0015
4713	0.0015
4714	0.0015
4715	0.0015
4716	0.0015
4717	0.0015
4718	0.0015
4719	0.0015
472	0.1467
4720	0.0015
4721	0.0015
4722	0.0015
4723	0.0015
4724	0.0015
4725	0.0015
4726	0.0015
4727	0.0015
4728	0.0015
4729	0.0015
473	0.1354
4730	0.0015
4731	0.0015
4732	0.0015
4733	0.0015
4734	0.0015
4735	0.0015
4736	0.0015
4737	0.0015
4738	0.0015
4739	0.0015
474	1.5675
4740	0.0015
4741	0.0015
4742	0.0015
4743	0.0015
4744	0.0015
4745	0.0015
4746	0.0015
4747	0.0015
4748	0.0015
4749	0.0015
475	0.2618
4750	0.0015
4751	0.0015
4752	0.0015
4753	0.0015
4754	0.0015
4755	0.0015
4756	0.0015
4757	0.0015
4758	0.0015
4759	0.0015
476	0.2364
4760	0.0015
4761	0.0015
4762	0.013
4763	0.013
4764	0.005
4765	0.013
4766	0.013
4767	0.013
4768	0.013
4769	0.005
477	0.2378
4770	0.005
4771	0.005
4772	0.009
4773	0.0372
4774	0.3644
4775	0.3051
4776	1.2244
4777	1.2244
4778	0.2362
4779	0.2362
478	0.2378
4780	0.2362
4781	0.1769
4782	0.1769
4783	0.1769
4784	0.2005
4785	0.2257
4786	0.2257
4787	0.2348
4788	0.2348
4789	0.1769
479	0.214
4790	0.1925
4791	0.1769
4792	0.1925
4793	0.0265
4794	0.0048
4795	0.0048
4796	0.0048
4797	0.0048
4798	0.0048
4799	0.6392
48	4.4995
480	0.3219
4800	0.0048
4801	0.0817
4802	0.0246
4803	0.0246
4804	0.0246
4805	0.086
4806	1.7816
4807	0.0434
4808	0.0434
4809	0.086
481	0.213
4810	2.8913
4811	0.0618
4812	0.4562
4813	0.0086
4814	0.0288
4815	0.5264
4816	0.0201
4817	0.0201
4818	0.0201
4819	1.0783
482	0.4859
4820	0.0201
4821	0.0087
4822	0.0087
4823	0.0087
4824	0.0087
4825	0.0087
4826	0.0087
4827	0.0087
4828	0.0431
4829	0.0431
483	0.4759
4830	0.0233
4831	0.0159
4832	0.0159
4833	0.271
4834	0.271
4835	0.271
4836	0.271
4837	0.271
4838	0.0551
4839	0.0095
484	0.4759
4840	0.0638
4841	0.0638
4842	0.0638
4843	0.0446
4844	0.11
4845	0.0228
4846	0.0228
4847	0.0228
4848	0.3362
4849	0.3362
485	0.4112
4850	0.3362
4851	0.249
4852	0.249
4853	0.249
4854	0.113
4855	0.113
4856	0.113
4857	0.1722
4858	0.1722
4859	0.1722
486	0.38
4860	0.5145
4861	0.5145
4862	1.1704
4863	0.0852
4864	0.0852
4865	0.2291
4866	0.0852
4867	0.2127
4868	0.1687
4869	0.2291
487	0.38
4870	0.2291
4871	0.0064
4872	0.0064
4873	0.0064
4874	0.0064
4875	0.0064
4876	0.0064
4877	0.0064
4878	0.0064
4879	0.0064
488	0.38
4880	0.0064
4881	0.0064
4882	0.0064
4883	0.0064
4884	0.0064
4885	0.0064
4886	0.0064
4887	0.0064
4888	0.0064
4889	0.0064
489	0.38
4890	0.0064
4891	0.0064
4892	0.0064
4893	0.0064
4894	0.0064
4895	0.0064
4896	0.0064
4897	0.0064
4898	0.0064
4899	0.0064
49	2.5799
490	0.38
4900	0.0064
4901	0.0064
4902	0.0064
4903	0.0064
4904	0.0064
4905	0.0064
4906	0.0064
4907	0.0064
4908	0.0064
4909	0.0064
491	0.38
4910	0.0064
4911	0.0064
4912	0.0064
4913	0.0064
4914	0.0064
4915	0.0064
4916	0.0064
4917	0.0064
4918	0.0064
4919	0.0064
492	0.5873
4920	0.0064
4921	0.0064
4922	0.0064
4923	0.0064
4924	0.0245
4925	0.0245
4926	0.0245
4927	0.0245
4928	0.0245
4929	0.0393
493	0.38
4930	0.5829
4931	0.5829
4932	0.5829
4933	0.5829
4934	0.5829
4935	0.5829
4936	0.5829
4937	0.1776
4938	0.1776
4939	0.1776
494	0.0028
4940	0.1776
4941	0.1776
4942	0.1776
4943	0.1776
4944	0.1776
4945	0.1776
4946	0.1776
4947	0.1776
4948	0.1776
4949	0.1776
495	0.0028
4950	0.1776
4951	0.1776
4952	0.1776
4953	0.1776
4954	0.1776
4955	0.1776
4956	0.1776
4957	0.1776
4958	0.1776
4959	0.1776
496	0.0974
4960	0.1776
4961	0.1776
4962	0.1776
4963	0.2544
4964	0.1776
4965	0.1776
4966	0.1776
4967	0.1776
4968	0.1776
4969	0.1776
497	0.0028
4970	0.1776
4971	0.1776
4972	0.0301
4973	0.0301
4974	0.0301
4975	0.0301
4976	0.0301
4977	0.0301
4978	0.0301
4979	0.0301
498	0.0848
4980	0.0301
4981	0.0301
4982	0.0301
4983	0.0301
4984	0.0301
4985	0.0301
4986	0.0301
4987	0.0301
4988	0.0301
4989	0.0301
499	0.2043
4990	0.0301
4991	0.0301
4992	0.0301
4993	0.0301
4994	0.0301
4995	0.0301
4996	0.0301
4997	0.0301
4998	0.0301
4999	0.0301
5	0.0265
50	2.5799
500	0.3238
5000	0.0301
5001	0.306
5002	0.306
5003	0.306
5004	0.306
5005	0.306
5006	0.306
5007	0.306
5008	0.6608
5009	0.6608
501	0.323
5010	0.6608
5011	0.6608
5012	0.6608
5013	0.0561
5014	0.0561
5015	0.0561
5016	0.0561
5017	0.0561
5018	0.0561
5019	0.0561
502	0.3192
5020	0.0561
5021	0.0561
5022	0.0561
5023	0.0561
5024	0.0561
5025	0.0561
5026	0.0561
5027	0.0561
5028	0.0561
5029	0.0561
503	0.1079
5030	0.0561
5031	0.0561
5032	0.0561
5033	0.0302
5034	0.0302
5035	0.4648
5036	0.0052
5037	0.0052
5038	0.0052
5039	0.0052
504	0.1079
5040	0.0052
5041	0.0052
5042	0.0052
5043	0.0052
5044	0.0052
5045	0.0052
5046	0.0052
5047	0.0052
5048	0.0052
5049	0.0052
505	0.3141
5050	0.0052
5051	4.2842
5052	2.0755
5053	0.8785
5054	0.5409
5055	0.4903
5056	0.4862
5057	0.4859
5058	0.4859
5059	0.4859
506	0.1567
5060	0.486
5061	0.4879
5062	0.5053
5063	0.637
5064	1.2172
5065	3.1512
5066	0.1209
5067	0.1209
5068	0.1209
5069	0.1209
507	0.1567
5070	0.1209
5071	0.1209
5072	8.6105
5073	5.4938
5074	1.9264
5075	0.5511
5076	0.2982
5077	0.268
5078	0.267
5079	0.2669
508	0.1567
5080	0.2669
5081	0.2669
5082	0.2669
5083	0.2669
5084	0.2669
5085	0.2669
5086	0.2669
5087	0.2669
5088	0.2669
5089	0.2669
509	0.1567
5090	0.2669
5091	0.2669
5092	0.2669
5093	0.2669
5094	0.2669
5095	0.2669
5096	0.2669
5097	0.2669
5098	0.2669
5099	0.2669
51	0.001
510	0.1567
5100	0.2669
5101	0.2669
5102	0.2669
5103	0.2669
5104	0.2669
5105	0.2669
5106	0.267
5107	0.2682
5108	0.2912
5109	0.4471
511	0.1567
5110	1.1041
5111	2.0094
5112	6.7035
5113	4.3285
5114	1.569
5115	0.4938
5116	0.2936
5117	0.2689
5118	0.2679
5119	0.2678
512	0.1567
5120	0.2678
5121	0.2678
5122	0.2678
5123	0.2678
5124	0.2678
5125	0.2678
5126	0.2678
5127	0.2678
5128	0.2678
5129	0.2678
513	0.1567
5130	0.2678
5131	0.2678
5132	0.2678
5133	0.2678
5134	0.2678
5135	0.2678
5136	0.2678
5137	0.268
5138	0.2692
5139	0.2879
514	0.1567
5140	0.4111
5141	0.9233
5142	1.604
5143	2.2544
5144	1.6166
5145	0.7426
5146	0.3664
5147	0.2892
5148	0.2786
5149	0.2867
515	0.1567
5150	0.3336
5151	0.5081
5152	0.6608
5153	4.797
5154	3.1643
5155	1.2125
5156	0.4373
5157	0.2898
5158	0.2707
5159	0.2696
516	0.1567
5160	0.2696
5161	0.2696
5162	0.2696
5163	0.2696
5164	0.2696
5165	0.2696
5166	0.2696
5167	0.2696
5168	0.2696
5169	0.2697
517	0.1572
5170	0.2709
5171	0.2855
5172	0.3758
5173	0.7433
5174	1.1989
5175	7.3397
5176	4.717
5177	1.6881
5178	0.5129
5179	0.2952
518	0.1567
5180	0.2686
5181	0.2676
5182	0.2675
5183	0.2675
5184	0.2675
5185	0.2675
5186	0.2675
5187	0.2675
5188	0.2675
5189	0.2675
519	0.1227
5190	0.2675
5191	0.2675
5192	0.2675
5193	0.2675
5194	0.2675
5195	0.2675
5196	0.2675
5197	0.2675
5198	0.2675
5199	0.2675
52	28.7683
520	0.1227
5200	0.2675
5201	0.2675
5202	0.2675
5203	0.2677
5204	0.2689
5205	0.289
5206	0.423
5207	0.9835
5208	1.7391
5209	3.7377
521	0.107
5210	2.5183
5211	1.0154
5212	0.4066
5213	0.2884
5214	0.2724
5215	0.2713
5216	0.2712
5217	0.2712
5218	0.2712
5219	0.2712
522	0.1117
5220	0.2714
5221	0.2726
5222	0.2849
5223	0.3571
5224	0.6442
5225	0.9743
5226	6.0685
5227	3.9404
5228	1.45
5229	0.4749
523	0.3274
5230	0.2923
5231	0.2695
5232	0.2684
5233	0.2684
5234	0.2684
5235	0.2684
5236	0.2684
5237	0.2684
5238	0.2684
5239	0.2684
524	0.1117
5240	0.2684
5241	0.2684
5242	0.2684
5243	0.2684
5244	0.2684
5245	0.2684
5246	0.2684
5247	0.2684
5248	0.2685
5249	0.2697
525	0.1117
5250	0.287
5251	0.3992
5252	0.8632
5253	1.469
5254	11.3644
5255	7.1773
5256	2.4432
5257	0.6345
5258	0.3054
5259	0.2672
526	4.1441
5260	0.2661
5261	0.2661
5262	0.2661
5263	0.2661
5264	0.2661
5265	0.2661
5266	0.2661
5267	0.2661
5268	0.2661
5269	0.2661
527	0.1738
5270	0.2661
5271	0.2661
5272	0.2661
5273	0.2661
5274	0.2661
5275	0.2661
5276	0.2661
5277	0.2661
5278	0.2661
5279	0.2661
528	0.1523
5280	0.2661
5281	0.2661
5282	0.2661
5283	0.2661
5284	0.2661
5285	0.2661
5286	0.2661
5287	0.2661
5288	0.2661
5289	0.2661
529	0.1012
5290	0.2661
5291	0.2661
5292	0.2661
5293	0.2661
5294	0.2661
5295	0.2661
5296	0.2661
5297	0.2661
5298	0.2661
5299	0.2661
53	2.7077
530	0.1012
5300	0.2661
5301	0.2662
5302	0.2674
5303	0.2964
5304	0.4998
5305	1.3659
5306	2.5954
5307	5.4328
5308	3.5523
5309	1.3312
531	0.0268
5310	0.456
5311	0.2909
5312	0.27
5313	0.269
5314	0.2689
5315	0.2689
5316	0.2689
5317	0.2689
5318	0.2689
5319	0.2689
532	0.4055
5320	0.2689
5321	0.2689
5322	0.2689
5323	0.2689
5324	0.2689
5325	0.2689
5326	0.269
5327	0.2702
5328	0.2862
5329	0.3874
533	0.0268
5330	0.8032
5331	1.3338
5332	3.314
5333	2.2602
5334	0.9369
5335	0.3947
5336	0.2881
5337	0.2734
5338	0.2723
5339	0.2722
534	0.0268
5340	0.2722
5341	0.2724
5342	0.2736
5343	0.285
5344	0.3499
5345	0.6048
5346	0.8845
5347	3.3354
5348	2.2697
5349	0.9416
535	0.0268
5350	0.3986
5351	0.292
5352	0.2772
5353	0.2761
5354	0.276
5355	0.276
5356	0.2762
5357	0.2774
5358	0.2888
5359	0.3541
536	1.7576
5360	0.6114
5361	0.8962
5362	0.0537
5363	0.0537
5364	0.0537
5365	0.0537
5366	0.0537
5367	0.0537
5368	0.0537
5369	0.0537
537	1.7576
5370	0.0537
5371	0.0537
5372	0.0537
5373	0.0537
5374	0.0537
5375	0.0537
5376	0.0537
5377	0.0307
5378	0.1148
5379	0.1174
538	1.7678
5380	0.1137
5381	0.1158
5382	0.0052
5383	0.0052
5384	0.0052
5385	0.0052
5386	0.0052
5387	0.0052
5388	0.0052
5389	0.0052
539	1.7958
5390	0.0052
5391	0.0052
5392	0.0052
5393	0.0052
5394	0.0052
5395	0.0052
5396	0.0052
5397	4.2842
5398	2.0755
5399	0.8785
54	2.576
540	1.7576
5400	0.5409
5401	0.4903
5402	0.4862
5403	0.4859
5404	0.4859
5405	0.4859
5406	0.486
5407	0.4879
5408	0.5053
5409	0.637
541	1.7958
5410	1.2172
5411	3.1512
5412	0.1209
5413	0.1209
5414	0.1209
5415	0.1209
5416	0.1209
5417	0.1209
5418	0.1722
5419	0.1722
542	1.7576
5420	0.1722
5421	0.0307
5422	0.159
5423	0.159
5424	0.0967
5425	0.0967
5426	0.0226
5427	0.0226
5428	0.0226
5429	0.0237
543	1.7572
5430	0.0237
5431	0.0237
5432	0.0345
5433	0.0345
5434	0.0345
5435	1.2724
5436	0.013
5437	0.013
5438	0.025
5439	0.007
544	1.7576
5440	0.007
5441	0.007
5442	0.3136
5443	0.3136
5444	0.009
5445	0.009
5446	0.009
5447	0.0874
5448	0.0874
5449	1.7393
545	1.8132
5450	1.7393
5451	1.7393
5452	1.7393
5453	2.0424
5454	1.83
5455	1.0939
5456	3.9927
5457	0.6796
5458	0.6796
5459	0.1488
546	1.7576
5460	0.0602
5461	0.0602
5462	0.0602
5463	0.0602
5464	0.0155
5465	0.0155
5466	0.0209
5467	0.0209
5468	3.0966
5469	0.0396
547	0.2175
5470	1.0668
5471	0.0396
5472	0.0054
5473	0.0054
5474	0.0054
5475	0.0054
5476	0.0054
5477	0.0054
5478	0.0054
5479	0.0054
548	0.0898
5480	0.0127
5481	0.0127
5482	0.0127
5483	0.8875
5484	0.14
5485	0.0425
5486	0.0161
5487	0.0161
5488	0.0161
5489	0.0161
549	0.1346
5490	0.0333
5491	0.0208
5492	0.0364
5493	0.0425
5494	0.0496
5495	0.0333
5496	0.0333
5497	0.2945
5498	0.0424
5499	0.0424
55	2.5314
550	0.2167
5500	0.0424
5501	0.0424
5502	0.1942
5503	0.2223
5504	0.2223
5505	0.2223
5506	0.1722
5507	0.1722
5508	0.1722
5509	0.1285
551	0.2274
5510	0.1135
5511	0.0678
5512	0.0845
5513	0.0234
5514	0.0084
5515	0.0084
5516	0.0122
5517	0.0122
5518	0.0084
5519	0.0084
552	0.2167
5520	0.0084
5521	0.0234
5522	0.0234
5523	3.3354
5524	2.2697
5525	0.9416
5526	0.3986
5527	0.292
5528	0.2772
5529	0.2761
553	0.2282
5530	0.276
5531	0.276
5532	0.2762
5533	0.2774
5534	0.2888
5535	0.3541
5536	0.6114
5537	0.8962
5538	0.0537
5539	0.0537
554	0.2817
5540	0.0537
5541	0.0537
5542	0.0537
5543	0.0537
5544	0.0537
5545	0.0537
5546	0.0537
5547	0.0537
5548	0.0537
5549	0.0537
555	0.2828
5550	0.0537
5551	0.0537
5552	0.0537
5553	0.0035
5554	0.0035
5555	0.0035
5556	0.0035
5557	0.0035
5558	0.0035
5559	0.0035
556	0.2828
5560	0.0035
5561	0.0035
5562	0.0035
5563	0.0035
5564	0.0035
5565	0.0035
5566	0.0035
5567	0.0035
5568	0.0035
5569	0.0035
557	0.6508
5570	0.0035
5571	0.0035
5572	0.0035
5573	0.0035
5574	0.0035
5575	0.0035
5576	0.0035
5577	0.0035
5578	0.0035
5579	0.0035
558	0.1529
5580	0.0035
5581	0.0035
5582	0.0035
5583	0.0035
5584	0.0035
5585	0.0035
5586	0.0035
5587	0.0035
5588	0.0035
5589	0.0035
559	0.1529
5590	0.0035
5591	0.0035
5592	0.0035
5593	0.0035
5594	0.0035
5595	0.0035
5596	0.0035
5597	0.0035
5598	0.0035
5599	0.0035
56	2.3763
560	0.1529
5600	0.0035
5601	0.0035
5602	0.0035
5603	0.0035
5604	0.0035
5605	0.0035
5606	0.0035
5607	0.0035
5608	0.0035
5609	0.0035
561	0.1455
5610	0.0035
5611	0.0035
5612	0.0035
5613	0.0035
5614	0.0035
5615	0.0035
5616	0.0035
5617	0.0035
5618	0.0035
5619	0.0035
562	0.1455
5620	0.0035
5621	0.0035
5622	0.0035
5623	0.0035
5624	0.0035
5625	0.0035
5626	0.0035
5627	0.0035
5628	0.0035
5629	0.0035
563	0.1455
5630	0.0035
5631	0.0035
5632	0.0035
5633	0.0035
5634	0.0035
5635	0.0035
5636	0.0035
5637	0.0035
5638	0.0035
5639	0.0035
564	0.1455
5640	0.0035
5641	0.0035
5642	0.0035
5643	0.0035
5644	0.0035
5645	0.0035
5646	0.0035
5647	0.0035
5648	0.0035
5649	0.0035
565	0.1529
5650	0.0035
5651	0.0035
5652	0.0035
5653	0.0035
5654	0.0035
5655	0.003
5656	0.003
5657	0.003
5658	0.003
5659	0.003
566	0.164
5660	0.003
5661	0.003
5662	0.003
5663	0.003
5664	0.003
5665	0.003
5666	0.003
5667	0.003
5668	0.003
5669	0.003
567	0.1654
5670	0.003
5671	0.003
5672	0.003
5673	0.003
5674	0.003
5675	0.003
5676	0.003
5677	0.003
5678	0.003
5679	0.003
568	0.1654
5680	0.003
5681	0.003
5682	0.003
5683	0.003
5684	0.003
5685	0.003
5686	0.003
5687	0.003
5688	0.003
5689	0.003
569	0.3669
5690	0.003
5691	0.003
5692	0.003
5693	0.003
5694	0.003
5695	0.003
5696	0.003
5697	0.003
5698	0.003
5699	0.003
57	2.2984
570	0.1654
5700	0.003
5701	0.003
5702	0.003
5703	0.003
5704	0.003
5705	0.003
5706	0.003
5707	0.003
5708	0.003
5709	0.003
571	0.164
5710	0.003
5711	0.003
5712	0.003
5713	0.003
5714	0.003
5715	0.003
5716	0.003
5717	0.003
5718	0.003
5719	0.003
572	0.164
5720	0.003
5721	0.003
5722	0.003
5723	0.003
5724	0.003
5725	0.003
5726	0.003
5727	0.003
5728	0.003
5729	0.003
573	0.164
5730	0.003
5731	0.003
5732	0.003
5733	0.003
5734	0.003
5735	0.003
5736	0.003
5737	0.003
5738	0.003
5739	0.003
574	0.164
5740	0.003
5741	0.003
5742	0.003
5743	0.003
5744	0.003
5745	0.003
5746	0.003
5747	0.003
5748	0.003
5749	0.003
575	0.164
5750	0.003
5751	0.003
5752	0.003
5753	0.003
5754	0.003
5755	0.003
5756	0.003
5757	0.003
5758	0.003
5759	0.003
576	0.164
5760	0.003
5761	0.003
5762	0.003
5763	0.003
5764	0.003
5765	0.003
5766	0.003
5767	0.003
5768	0.003
5769	0.003
577	0.164
5770	0.003
5771	0.003
5772	0.003
5773	0.003
5774	0.003
5775	0.003
5776	0.003
5777	0.003
5778	0.003
5779	0.003
578	2.3343
5780	0.003
5781	0.003
5782	0.003
5783	0.003
5784	0.003
5785	3.3354
5786	2.2697
5787	0.9416
5788	0.3986
5789	0.292
579	0.2026
5790	0.2772
5791	0.2761
5792	0.276
5793	0.276
5794	0.2762
5795	0.2774
5796	0.2888
5797	0.3541
5798	0.6114
5799	0.8962
58	2.5369
580	0.2026
5800	0.0537
5801	0.0537
5802	0.0537
5803	0.0537
5804	0.0537
5805	0.0537
5806	0.0537
5807	0.0537
5808	0.0537
5809	0.0537
581	0.2117
5810	0.0537
5811	0.0537
5812	0.0537
5813	0.0537
5814	0.0537
5815	0.0459
5816	0.0459
5817	0.0118
5818	0.1258
5819	0.1514
582	0.2025
5820	1.0627
5821	1.0627
5822	0.2134
5823	1.2594
5824	0.2223
5825	0.7847
5826	0.5541
5827	0.5541
5828	0.8314
5829	0.5541
583	0.2025
5830	0.5541
5831	0.5541
5832	0.7283
5833	0.7283
5834	0.4157
5835	0.4714
5836	0.4714
5837	0.4714
5838	0.4714
5839	0.4714
584	0.1547
5840	0.4714
5841	0.4714
5842	0.6007
5843	0.6007
5844	0.0709
5845	0.0298
5846	0.0298
5847	0.0298
5848	0.0515
5849	0.0298
585	0.2223
5850	0.0298
5851	0.0298
5852	0.0298
5853	0.0298
5854	0.0298
5855	0.0298
5856	0.0515
5857	0.0298
5858	0.0453
5859	0.0298
586	0.2025
5860	0.0453
5861	0.0298
5862	0.0515
5863	0.0298
5864	0.0298
5865	0.0298
5866	0.0515
5867	0.4298
5868	0.0111
5869	0.0111
587	0.2306
5870	0.0111
5871	0.0111
5872	0.0111
5873	0.0111
5874	0.0111
5875	0.1293
5876	0.0111
5877	1.0345
5878	0.0111
5879	0.0111
588	0.1547
5880	0.0111
5881	0.0111
5882	0.0111
5883	0.0111
5884	0.0111
5885	0.0111
5886	0.0111
5887	0.0111
5888	0.0111
5889	0.0111
589	0.2088
5890	0.0111
5891	0.0111
5892	0.0105
5893	0.0378
5894	0.0105
5895	0.0105
5896	0.0105
5897	0.0105
5898	0.0105
5899	0.0105
59	2.5188
590	0.2088
5900	0.0105
5901	0.0105
5902	0.0105
5903	0.0105
5904	0.0105
5905	0.0105
5906	0.0105
5907	0.0105
5908	0.0105
5909	0.0105
591	0.2088
5910	0.0105
5911	0.0105
5912	0.0105
5913	0.0076
5914	0.0105
5915	0.0105
5916	0.0105
5917	0.0105
5918	0.0105
5919	0.0076
592	0.2088
5920	0.3974
5921	0.103
5922	0.1331
5923	0.1331
5924	0.1331
5925	0.1331
5926	0.1331
5927	0.1331
5928	0.1331
5929	0.1331
593	10.4929
5930	1.0778
5931	1.0778
5932	1.0778
5933	1.0778
5934	1.0778
5935	1.0778
5936	0.1311
5937	0.1222
5938	0.4153
5939	0.7896
594	0.2536
5940	0.0134
5941	0.0134
5942	0.0134
5943	0.0134
5944	0.0134
5945	0.0134
5946	0.0134
5947	0.0165
5948	0.0564
5949	0.0165
595	0.164
5950	0.0165
5951	0.7842
5952	0.0143
5953	0.0254
5954	0.0277
5955	1.5405
5956	1.0296
5957	0.0277
5958	0.0039
5959	0.0039
596	0.164
5960	0.0039
5961	0.0039
5962	0.0039
5963	0.0039
5964	0.0039
5965	0.0039
5966	0.0039
5967	0.0039
5968	0.0058
5969	0.0058
597	0.164
5970	0.0058
5971	0.0058
5972	0.0058
5973	0.0058
5974	0.7797
5975	0.0174
5976	0.0979
5977	0.0979
5978	0.0099
5979	0.0099
598	0.0533
5980	0.0099
5981	0.0099
5982	0.0099
5983	0.0099
5984	0.0099
5985	0.0099
5986	0.0099
5987	0.0099
5988	0.0099
5989	0.0099
599	0.0267
5990	0.0099
5991	0.0099
5992	1.0
5993	0.0227
5994	0.0227
5995	0.0227
5996	0.012
5997	0.012
5998	0.012
5999	0.012
6	0.0265
60	2.3509
600	0.1379
6000	0.012
6001	0.0404
6002	0.0404
6003	0.06
6004	1.3673
6005	1.5374
6006	0.0207
6007	0.0207
6008	0.0207
6009	0.0207
601	0.1379
6010	0.0207
6011	0.0207
6012	0.4878
602	0.1379
603	0.1379
604	0.1379
605	0.1379
606	0.1379
607	0.1379
608	0.1379
609	0.1379
61	29.1115
610	0.1379
611	2.1472
612	3.0883
613	0.0526
614	0.3108
615	0.0419
616	0.0997
617	0.0426
618	0.0426
619	0.0426
62	0.4265
620	2.2334
621	4.3978
622	0.0518
623	0.0512
624	0.0505
625	0.0885
626	0.0885
627	1.6525
628	0.1322
629	0.1322
63	2.2177
630	4.222
631	0.6028
632	0.002
633	0.002
634	0.002
635	0.002
636	0.002
637	0.002
638	0.0019
639	0.0019
64	1.6597
640	0.0019
641	0.0019
642	0.0019
643	0.0019
644	0.0019
645	0.0019
646	0.0019
647	0.0019
648	0.0979
649	0.0979
65	1.8355
650	0.0979
651	0.0982
652	0.0979
653	0.0979
654	0.0979
655	0.0979
656	0.0989
657	0.0982
658	0.0018
659	0.0018
66	1.6642
660	0.0018
661	0.0018
662	0.0018
663	0.0018
664	0.0018
665	0.0032
666	0.0032
667	0.0377
668	0.0216
669	0.0648
67	1.618
670	0.0644
671	0.0873
672	0.0873
673	0.1842
674	0.9746
675	0.0715
676	0.0717
677	0.1366
678	0.9576
679	0.002
68	2.217
680	0.002
681	0.002
682	0.002
683	0.002
684	0.002
685	0.002
686	0.058
687	0.0833
688	0.0833
689	0.0833
69	2.3286
690	0.0021
691	0.0021
692	0.0021
693	0.0021
694	0.0021
695	0.0021
696	0.0021
697	0.0021
698	0.0021
699	0.0021
7	3.5502
70	1.9355
700	0.0021
701	0.0021
702	0.0021
703	0.0021
704	0.0021
705	0.0021
706	0.0021
707	0.0024
708	0.0024
709	0.0378
71	2.5246
710	0.0629
711	0.0065
712	0.0629
713	0.0065
714	0.0065
715	0.0065
716	0.0065
717	0.0065
718	0.0065
719	0.0065
72	2.5772
720	0.0065
721	0.0065
722	0.0142
723	0.0065
724	0.0142
725	0.0065
726	0.0065
727	0.0065
728	0.0065
729	0.0065
73	11.4658
730	0.0065
731	0.0065
732	0.0065
733	0.0065
734	0.0065
735	0.0065
736	0.0065
737	0.0065
738	0.0065
739	0.0065
74	3.3657
740	0.0065
741	0.0065
742	0.0065
743	0.0065
744	0.0065
745	0.0629
746	0.0065
747	0.0065
748	0.0065
749	0.0065
75	2.0541
750	0.0065
751	0.2299
752	0.0065
753	0.0065
754	0.0065
755	0.0724
756	0.0724
757	0.0724
758	0.0724
759	0.0724
76	2.3781
760	0.0724
761	0.0724
762	0.0724
763	0.0561
764	0.0559
765	0.0564
766	0.0861
767	0.0616
768	0.0344
769	0.0561
77	0.7672
770	0.0561
771	0.0023
772	0.0345
773	0.0345
774	0.0328
775	0.0361
776	0.0361
777	0.0328
778	0.02
779	0.02
78	2.4379
780	0.034
781	0.034
782	0.0201
783	0.0297
784	0.0452
785	0.045
786	0.045
787	0.045
788	0.0321
789	0.0321
79	1.5388
790	0.0321
791	0.0347
792	0.0347
793	0.0347
794	0.0363
795	0.0363
796	0.0332
797	0.0321
798	0.0321
799	0.0321
8	0.2339
80	7.7868
800	0.0261
801	0.0821
802	0.082
803	0.0787
804	0.1421
805	0.1421
806	0.1421
807	0.1421
808	0.158
809	0.158
81	11.5132
810	0.0728
811	0.0729
812	0.0728
813	0.0728
814	0.0728
815	0.0728
816	0.077
817	0.0741
818	0.1071
819	0.1066
82	4.6811
820	0.1066
821	0.1066
822	10.2771
823	1.8846
824	0.331
825	0.1822
826	0.7437
827	0.4469
828	5.3645
829	0.0358
83	3.5958
830	0.1117
831	0.0441
832	0.0441
833	0.0441
834	0.0441
835	0.0441
836	0.0237
837	0.6789
838	0.3718
839	0.5602
84	4.6122
840	0.7874
841	0.421
842	0.5002
843	0.3035
844	0.3035
845	0.3035
846	0.3035
847	0.3035
848	0.3035
849	0.3035
85	2.7055
850	0.3035
851	0.3035
852	0.3035
853	0.3035
854	0.3035
855	0.3035
856	0.3035
857	0.3035
858	0.3035
859	0.3035
86	2.2529
860	0.3035
861	0.3035
862	0.3035
863	0.3035
864	0.3035
865	0.3035
866	0.3035
867	0.3035
868	0.3035
869	0.1202
87	2.5185
870	0.0169
871	0.0169
872	0.023
873	0.0905
874	0.059
875	0.4367
876	0.6535
877	0.6544
878	0.6544
879	0.5657
88	2.7055
880	5.4221
881	0.5238
882	0.5238
883	0.5238
884	0.5238
885	0.5238
886	0.5238
887	0.8301
888	0.5238
889	0.0488
89	2.2856
890	0.1246
891	0.0488
892	0.6628
893	0.9942
894	0.6628
895	0.6628
896	0.0543
897	0.0543
898	0.0543
899	0.0543
9	0.0423
90	2.8685
900	0.0094
901	0.0094
902	0.0094
903	0.0094
904	0.0094
905	0.0094
906	0.0094
907	0.0094
908	0.0094
909	0.0094
91	2.8685
910	0.0094
911	0.0094
912	0.0094
913	0.0094
914	0.0094
915	0.0094
916	0.0094
917	0.0094
918	0.0206
919	0.0094
92	2.9425
920	0.0206
921	0.0094
922	0.0094
923	0.0396
924	0.0094
925	0.0094
926	0.0094
927	0.0094
928	0.0094
929	0.0094
93	2.4225
930	0.0094
931	0.0282
932	0.0094
933	0.0094
934	0.0094
935	0.0142
936	0.0156
937	0.0156
938	0.0682
939	0.0198
94	0.0026
940	0.0198
941	0.0198
942	0.0198
943	0.1266
944	0.1266
945	0.0949
946	0.0959
947	0.0378
948	0.0376
949	0.033
95	0.0026
950	0.0373
951	0.0376
952	0.0788
953	0.0981
954	0.0981
955	0.0976
956	0.1012
957	0.1223
958	0.0313
959	0.0313
96	0.0026
960	0.0277
961	0.0616
962	0.0616
963	0.0748
964	0.0612
965	0.0612
966	0.0612
967	0.0612
968	0.0866
969	0.0866
97	0.0026
970	0.5744
971	0.0274
972	0.0936
973	0.0941
974	0.0931
975	0.0931
976	0.0936
977	0.0931
978	0.0931
979	0.1173
98	0.0026
980	0.0251
981	0.5601
982	0.0671
983	0.0667
984	0.0675
985	0.1507
986	0.0667
987	0.0264
988	0.0261
989	0.0199
99	0.0026
990	0.2018
991	1.659
992	0.423
993	1.8038
994	0.2018
995	1.1875
996	0.0232
997	0.0232
998	0.0472
999	0.0468
